6.5 6.4689 6.37638 6.22473 6.01774 5.76055 5.45955 5.12225 4.75702 4.37296 3.97962 3.58679 3.20424 2.84148 2.50755 2.21075 1.95847 1.75697 1.61128 1.52502 
4.43189 6.4814 6.41351 6.2843 6.09643 5.8542 5.56348 5.23156 4.86698 4.47929 4.07876 3.67607 3.28195 2.90688 2.56073 2.25249 1.98996 1.77962 1.62639 1.55365 
3.62068 5.6316 6.44084 6.33549 6.16875 5.94382 5.66576 5.34141 4.97927 4.58922 4.18222 3.76986 3.36395 2.97605 2.61702 2.29664 2.02326 1.80355 1.64249 1.57265 
3.1509 4.90955 6.10707 6.37751 6.23366 6.02828 5.76535 5.45098 5.09336 4.70252 4.29 3.86834 3.4505 3.04928 2.67669 2.34343 2.0585 1.82888 1.65961 1.5881 
2.83982 4.36047 5.64017 6.26661 6.2902 6.10646 5.86115 5.55933 5.20859 4.81884 4.40205 3.97166 3.54188 3.12688 2.74001 2.39309 2.09587 1.85572 1.6778 1.60185 
2.61829 3.93955 5.18043 6.01557 6.27997 6.17727 5.95198 5.6654 5.32413 4.93768 4.51819 4.07992 3.63834 3.20917 2.8073 2.44587 2.13555 1.8842 1.69711 1.61482 
2.45317 3.60957 4.77168 5.6951 6.17334 6.21696 6.03666 5.76801 5.43903 5.0584 4.63815 4.19315 3.74015 3.29651 2.87891 2.50206 2.17776 1.91445 1.71764 1.62759 
2.32623 3.34523 4.41952 5.36025 5.98462 6.19889 6.10524 5.86591 5.55215 5.18018 4.7615 4.3113 3.84749 3.38924 2.95522 2.56199 2.22273 1.94664 1.73948 1.64055 
2.22654 3.12956 4.11829 5.03962 5.74632 6.11353 6.14087 5.95452 5.66224 5.30203 4.88763 4.43417 3.96053 3.4877 3.03662 2.62601 2.27075 1.98096 1.76274 1.65397 
2.14713 2.95092 3.86014 4.74469 5.48777 5.96999 6.12938 6.02437 5.76678 5.42277 5.01575 4.56144 4.07934 3.59223 3.12353 2.69452 2.3221 2.0176 1.78754 1.6681 
2.08329 2.80112 3.63776 4.47832 5.22846 5.78636 6.06644 6.06382 5.86052 5.54066 5.14485 4.69257 4.20387 3.70312 3.21641 2.76796 2.37714 2.05681 1.81403 1.68312 
2.03177 2.67425 3.44502 4.23955 4.97929 5.58079 5.9577 6.06402 5.93551 5.6526 5.2736 4.82684 4.33394 3.82062 3.31571 2.84681 2.43626 2.09885 1.84237 1.6992 
1.99022 2.56595 3.27695 4.02599 4.74545 5.36729 5.8144 6.02225 5.9832 5.7535 5.39991 4.96323 4.46915 3.94486 3.42188 2.93158 2.4999 2.14403 1.87275 1.71652 
1.95693 2.47293 3.12954 3.83488 4.52883 5.15521 5.64879 5.94198 5.99723 5.8367 5.5205 5.10027 4.60888 4.07586 3.53535 3.02285 2.56855 2.19269 1.90539 1.73523 
1.93063 2.39268 2.99959 3.66353 4.32952 4.95017 5.47141 5.83069 5.97538 5.89542 5.63064 5.23572 4.75214 4.21342 3.65649 3.1212 2.64277 2.24524 1.94053 1.7555 
1.91037 2.32324 2.88452 3.50949 4.14672 4.75519 5.29014 5.69716 5.91973 5.92453 5.72454 5.36632 4.89747 4.35711 3.78555 3.22724 2.72317 2.30214 1.97846 1.77752 
1.89542 2.26309 2.78224 3.37063 3.97925 4.57165 5.11039 5.54956 5.83541 5.92191 5.79641 5.48762 5.0426 4.50609 3.92263 3.34157 2.81044 2.36392 2.01951 1.80148 
1.88524 2.211 2.69104 3.2451 3.8258 4.39991 4.93562 5.39459 5.72896 5.88862 5.84175 5.5944 5.18436 4.65902 4.06759 3.46474 2.90532 2.43118 2.06406 1.8276 
1.87943 2.166 2.60952 3.13134 3.68507 4.23977 4.76786 5.23728 5.60694 5.82825 5.85828 5.68138 5.31853 4.81377 4.21991 3.5972 3.0086 2.50461 2.11258 1.85615 
1.87772 2.12732 2.53653 3.02798 3.55584 4.09072 4.60816 5.08117 5.47508 5.74579 5.84631 5.74429 5.44018 4.9673 4.37851 3.73921 3.12109 2.58501 2.16558 1.88742 
1.87991 2.09433 2.47112 2.93388 3.43699 3.95207 4.45697 4.92864 5.33799 5.64659 5.80828 5.78059 5.54429 5.1156 4.54158 3.89069 3.2436 2.67324 2.22367 1.92175 
1.88592 2.06654 2.4125 2.84806 3.32752 3.82311 4.31431 4.78116 5.1992 5.53564 5.74804 5.78989 5.62649 5.25391 4.70638 4.05109 3.37684 2.77029 2.28758 1.95954 
1.89573 2.04356 2.36 2.76967 3.22654 3.7031 4.18 4.6396 5.06122 5.41719 5.67004 5.77372 5.68388 5.37718 4.86915 4.21914 3.52131 2.87721 2.35813 2.00127 
1.90942 2.02511 2.31308 2.698 3.13326 3.59133 4.05368 4.5044 4.92581 5.29465 5.57864 5.73503 5.71535 5.48082 5.02525 4.39264 3.67715 2.99508 2.43631 2.04751 
1.92714 2.01096 2.27128 2.63243 3.04698 3.48716 3.93493 4.3757 4.79413 5.17062 5.47779 5.67752 5.72161 5.56134 5.16953 4.5683 3.84392 3.12496 2.52321 2.09893 
1.94913 2.00099 2.23424 2.57243 2.96708 3.38998 3.82331 4.25346 4.66691 5.04705 5.3708 5.60508 5.70482 5.61686 5.29697 4.74176 4.02029 3.26772 2.62008 2.15634 
1.97575 1.99515 2.20165 2.51756 2.89304 3.29922 3.71837 4.13752 4.54458 4.92532 5.26032 5.52137 5.66803 5.64722 5.40334 4.90783 4.20386 3.42389 2.72829 2.2207 
2.00746 1.99345 2.1733 2.46743 2.82436 3.2144 3.61966 4.02763 4.42731 4.80637 5.14841 5.42962 5.61471 5.65377 5.48579 5.06101 4.39098 3.59336 2.84923 2.29315 
2.04487 1.99599 2.149 2.42172 2.76065 3.13506 3.52677 3.92353 4.31516 4.69083 5.03664 5.33254 5.54831 5.63895 5.54312 5.19618 4.5768 3.7751 2.98427 2.37499 
2.08875 2.00298 2.12866 2.38015 2.70153 3.06079 3.4393 3.82492 4.20807 4.5791 4.92613 5.23228 5.47199 5.60583 5.57576 5.30926 4.75561 3.96682 3.13447 2.46776 
2.14007 2.01471 2.11222 2.34252 2.6467 2.99122 3.35688 3.7315 4.10591 4.4714 4.8177 5.13056 5.38849 5.55765 5.58543 5.39772 4.92142 4.16481 3.30037 2.57311 
2.19999 2.0316 2.09971 2.30865 2.59587 2.92604 3.27917 3.64296 4.00851 4.36782 4.7119 5.02868 5.30011 5.49754 5.57474 5.46073 5.06875 4.36395 3.48161 2.69281 
2.26996 2.05422 2.09121 2.27841 2.54882 2.86495 3.20588 3.55904 3.91568 4.26836 4.60911 4.92761 5.2087 5.42832 5.54672 5.49905 5.19333 4.55804 3.67654 2.82852 
2.35164 2.0833 2.08692 2.25174 2.50536 2.80769 3.1367 3.47945 3.82722 4.17298 4.50956 4.82806 5.11573 5.35241 5.50446 5.51461 5.29256 4.74044 3.88193 2.9816 
2.44691 2.11979 2.08709 2.22859 2.46531 2.75403 3.0714 3.40394 3.74291 4.08156 4.41335 4.73055 5.02232 5.27184 5.45088 5.51014 5.36567 4.90498 4.09283 3.15269 
2.55781 2.16489 2.09211 2.209 2.42856 2.70379 3.00972 3.33227 3.66256 3.99399 4.32055 4.63541 4.92934 5.18825 5.38859 5.48864 5.41349 5.04668 4.30284 3.34135 
2.6863 2.22005 2.10251 2.19306 2.39501 2.65678 2.95147 3.26423 3.58595 3.91014 4.23115 4.54289 4.83744 5.10294 5.31982 5.45316 5.43809 5.16241 4.50467 3.54553 
2.83406 2.287 2.119 2.18093 2.36462 2.61287 2.89646 3.19961 3.51289 3.82984 4.14509 4.45313 4.74708 5.01694 5.24641 5.40651 5.44223 5.25101 4.69111 3.76131 
3.00202 2.36776 2.14247 2.17286 2.33737 2.57193 2.84452 3.13822 3.44321 3.75296 4.0623 4.3662 4.65861 4.93103 5.16989 5.35119 5.42901 5.31313 4.85598 3.98281 
3.18989 2.46451 2.17406 2.16922 2.31329 2.53387 2.79549 3.07989 3.37672 3.67933 3.98269 4.28212 4.57226 4.84582 5.09145 5.28933 5.40148 5.35075 4.9949 4.20263 
3.39564 2.57948 2.2152 2.17048 2.29249 2.49864 2.74926 3.02447 3.31326 3.60882 3.90616 4.20087 4.48817 4.76175 5.01205 5.2227 5.36246 5.36672 5.10572 4.41262 
3.61515 2.71463 2.26759 2.1773 2.27511 2.46619 2.70572 2.97181 3.25269 3.54127 3.83259 4.12243 4.40645 4.67915 4.93244 5.15274 5.31445 5.36421 5.18839 4.60502 
3.84215 2.87127 2.33322 2.1905 2.26139 2.43654 2.66478 2.92178 3.19486 3.47656 3.76187 4.04673 4.32714 4.59826 4.85318 5.08061 5.25957 5.3464 5.24453 4.77353 
4.06863 3.04956 2.41431 2.21116 2.25166 2.40973 2.62638 2.87429 3.13964 3.41455 3.69389 3.97371 4.25026 4.51924 4.77472 5.00724 5.19959 5.31624 5.27688 4.91408 
4.28579 3.24792 2.51318 2.24059 2.24635 2.38584 2.59047 2.82923 3.08691 3.35512 3.62854 3.90327 4.17579 4.4422 4.69737 4.93334 5.13594 5.27634 5.28874 5.02506 
4.48525 3.46263 2.63198 2.28038 2.24607 2.36502 2.55703 2.78653 3.03658 3.29815 3.56571 3.83535 4.10369 4.3672 4.62138 4.85948 5.06979 5.22891 5.28348 5.10707 
4.66028 3.68766 2.77237 2.33244 2.25157 2.3475 2.52609 2.74611 2.98853 3.24353 3.5053 3.76985 4.03393 4.29428 4.54692 4.78609 5.00206 5.1758 5.26429 5.16234 
4.80658 3.91505 2.93498 2.39886 2.26381 2.33357 2.49768 2.70793 2.9427 3.19118 3.4472 3.70668 3.96645 4.22344 4.47411 4.7135 4.93347 5.1185 5.23402 5.19407 
4.92251 4.13575 3.11894 2.48192 2.28399 2.32364 2.47191 2.67197 2.899 3.14099 3.39132 3.64577 3.90118 4.15467 4.40304 4.64196 4.8646 5.05824 5.19511 5.20582 
5.00882 4.3409 3.32132 2.58382 2.31358 2.31824 2.4489 2.63822 2.85738 3.09288 3.33757 3.58702 3.83807 4.08795 4.33374 4.57165 4.79589 4.99598 5.14957 5.20111 
5.06791 4.52312 3.53692 2.70638 2.35428 2.31806 2.42887 2.60671 2.81778 3.04679 3.28586 3.53036 3.77704 4.02324 4.26625 4.50271 4.72768 4.93248 5.09907 5.18315 
5.10317 4.67741 3.75846 2.85065 2.40804 2.32397 2.41209 2.57748 2.78019 3.00264 3.23613 3.4757 3.71803 3.96049 4.20056 4.43523 4.66024 4.86835 5.04494 5.15475 
5.11834 4.80156 3.97724 3.01642 2.47698 2.33703 2.39894 2.55064 2.74457 2.96038 3.1883 3.42297 3.66097 3.89967 4.13667 4.36928 4.59376 4.80406 4.98825 5.11825 
5.11704 4.89586 4.18434 3.20166 2.56321 2.35856 2.3899 2.5263 2.71095 2.91997 3.14231 3.37211 3.60579 3.8407 4.07456 4.30488 4.52839 4.73997 4.92984 5.07559 
5.10256 4.96247 4.37181 3.4023 2.66859 2.39007 2.38557 2.50467 2.67935 2.88137 3.09809 3.32305 3.55243 3.78356 4.0142 4.24206 4.46424 4.67637 4.87038 5.02832 
5.07771 5.00469 4.53383 3.61216 2.79442 2.43333 2.38675 2.486 2.64981 2.84456 3.0556 3.27572 3.50083 3.72817 3.95555 4.18082 4.40138 4.61347 4.81039 4.97769 
5.04485 5.02624 4.66723 3.82342 2.94098 2.49024 2.39438 2.47063 2.62245 2.80954 3.01479 3.23007 3.45093 3.67449 3.89858 4.12115 4.33986 4.55144 4.75028 4.92468 
5.0059 5.0308 4.7714 4.0276 3.10708 2.56275 2.4096 2.459 2.59737 2.77632 2.97564 3.18606 3.40267 3.62247 3.84324 4.06304 4.27972 4.4904 4.69036 4.87007 
4.96239 5.02172 4.84785 4.21662 3.28973 2.65267 2.43379 2.45167 2.57477 2.74494 2.93812 3.14362 3.356 3.57204 3.7895 4.00647 4.22097 4.43044 4.63088 4.81446 
4.91554 5.00192 4.8994 4.384 3.48401 2.76137 2.46848 2.44931 2.55489 2.71545 2.90223 3.10274 3.31088 3.52317 3.73731 3.95141 4.16361 4.37163 4.57203 4.75834 
4.86632 4.9738 4.92955 4.52556 3.68331 2.88948 2.51536 2.45279 2.53803 2.68794 2.86795 3.06337 3.26725 3.47581 3.68662 3.89782 4.10763 4.314 4.51394 4.70208 
4.81547 4.93933 4.94192 4.6396 3.87998 3.03643 2.57621 2.4631 2.52458 2.66254 2.83532 3.02549 3.22508 3.42991 3.6374 3.84568 4.05304 4.25759 4.45674 4.64595 
4.76359 4.9001 4.93989 4.7266 4.0663 3.20019 2.65269 2.48145 2.51506 2.63942 2.80436 2.98908 3.18433 3.38542 3.58961 3.79495 3.9998 4.20241 4.40049 4.5902 
4.71113 4.85735 4.92642 4.78865 4.23553 3.37701 2.74618 2.50918 2.51007 2.61879 2.77514 2.95416 3.14498 3.34232 3.54319 3.74559 3.9479 4.14847 4.34525 4.53498 
4.65845 4.81206 4.90404 4.82877 4.38268 3.56154 2.85748 2.5478 2.51036 2.60095 2.74775 2.92071 3.107 3.30056 3.49812 3.69758 3.89731 4.09576 4.29107 4.48043 
4.60583 4.765 4.8748 4.8503 4.50499 3.74723 2.98648 2.59886 2.51683 2.58625 2.72231 2.88877 3.07037 3.26012 3.45436 3.65087 3.848 4.04427 4.23796 4.42665 
4.55349 4.71677 4.84036 4.85654 4.60186 3.92705 3.13187 2.66389 2.53051 2.57515 2.69898 2.85838 3.03509 3.22096 3.41187 3.60544 3.79996 3.99399 4.18595 4.37372 
4.50158 4.66783 4.80204 4.85048 4.6744 4.0944 3.29091 2.74418 2.5526 2.56819 2.67795 2.82959 3.00116 3.18306 3.37063 3.56124 3.75314 3.9449 4.13504 4.32167 
4.45023 4.61855 4.76088 4.8347 4.72491 4.24391 3.4594 2.84063 2.5844 2.56603 2.6595 2.8025 2.96859 3.14641 3.3306 3.51825 3.70753 3.89698 4.08523 4.27056 
4.39955 4.56921 4.71769 4.81136 4.75627 4.37198 3.63195 2.9534 2.6273 2.56946 2.64396 2.77721 2.93741 3.111 3.29176 3.47645 3.66308 3.85022 4.03652 4.22042 
4.3496 4.52003 4.67311 4.78222 4.77155 4.47696 3.80242 3.08174 2.68263 2.57941 2.63172 2.75388 2.90766 3.07683 3.25409 3.43579 3.61979 3.80458 3.98888 4.17124 
4.30043 4.47117 4.62762 4.74869 4.77363 4.55896 3.96468 3.22369 2.75163 2.59689 2.62328 2.7327 2.8794 3.0439 3.21758 3.39626 3.57761 3.76005 3.94231 4.12305 
4.25209 4.42276 4.58163 4.7119 4.76513 4.61942 4.11331 3.37605 2.83517 2.62307 2.61923 2.71391 2.85272 3.01222 3.18221 3.35784 3.53652 3.71661 3.8968 4.07584 
4.20461 4.37491 4.53542 4.67271 4.74827 4.66061 4.24423 3.53448 2.93361 2.65914 2.62026 2.69781 2.82772 2.98183 3.14797 3.3205 3.49651 3.67422 3.85232 4.02961 
4.15799 4.32768 4.48922 4.63183 4.72489 4.68516 4.35498 3.69379 3.04656 2.70631 2.62718 2.68477 2.80456 2.95278 3.11487 3.28423 3.45754 3.63287 3.80887 3.98436 
4.11225 4.28114 4.44322 4.5898 4.69651 4.69579 4.44472 3.84853 3.17267 2.76567 2.64089 2.67523 2.78339 2.92512 3.08292 3.24902 3.4196 3.59253 3.76641 3.94007 
4.06739 4.23532 4.39754 4.54703 4.66434 4.695 4.51401 3.99352 3.30955 2.8381 2.6624 2.66971 2.76446 2.89893 3.05215 3.21486 3.38266 3.55319 3.72493 3.89673 
4.02342 4.19025 4.35231 4.50385 4.62934 4.68503 4.56439 4.12451 3.45377 2.92402 2.69276 2.66882 2.74803 2.87431 3.02257 3.18175 3.34673 3.51482 3.68441 3.85432 
3.98032 4.14596 4.3076 4.46052 4.59227 4.6678 4.59798 4.23849 3.60105 3.02332 2.73303 2.67328 2.73443 2.85141 2.99423 3.1497 3.31177 3.47741 3.64484 3.81284 
3.93809 4.10245 4.26347 4.41724 4.55372 4.64489 4.61715 4.33388 3.74667 3.1351 2.78421 2.68388 2.72407 2.83039 2.9672 3.11871 3.27779 3.44093 3.60619 3.77227 
3.89673 4.05973 4.21996 4.37415 4.51418 4.61759 4.62424 4.41041 3.88591 3.25758 2.84708 2.7015 2.7174 2.81145 2.94155 3.08881 3.24478 3.40539 3.56845 3.73259 
3.85622 4.01781 4.17711 4.33138 4.474 4.58696 4.62141 4.46889 4.01458 3.38808 2.92216 2.72706 2.71498 2.79485 2.91738 3.06004 3.21275 3.37076 3.5316 3.69379 
3.81655 3.97668 4.13495 4.28901 4.43347 4.55383 4.61058 4.51085 4.1294 3.52316 3.00948 2.76149 2.71742 2.78089 2.89482 3.03243 3.1817 3.33704 3.49563 3.65585 
3.7777 3.93634 4.09348 4.24712 4.39281 4.51886 4.59338 4.53821 4.22826 3.6588 3.10845 2.80568 2.72544 2.76991 2.87403 3.00605 3.15164 3.30422 3.46053 3.61876 
3.73967 3.89679 4.05273 4.20577 4.3522 4.48258 4.57118 4.55304 4.31022 3.79084 3.21779 2.86037 2.73979 2.76235 2.85519 2.98097 3.12261 3.27231 3.42628 3.58249 
3.70244 3.85801 4.01269 4.16498 4.31177 4.4454 4.5451 4.55737 4.3754 3.91532 3.33544 2.92607 2.76129 2.75868 2.83853 2.95729 3.09463 3.2413 3.39288 3.54705 
3.66601 3.81999 3.97337 4.12478 4.27163 4.40764 4.51605 4.55305 4.42471 4.02892 3.45862 3.00292 2.79076 2.75947 2.82433 2.93512 3.06775 3.21121 3.36032 3.51242 
3.63035 3.78274 3.93477 4.08521 4.23186 4.36956 4.48476 4.54172 4.4596 4.12921 3.584 3.09056 2.82898 2.76532 2.81292 2.91461 3.04203 3.18206 3.3286 3.47859 
3.59546 3.74623 3.89687 4.04627 4.19252 4.33136 4.4518 4.52478 4.4818 4.21475 3.70796 3.18807 2.87664 2.77692 2.80465 2.89594 3.01753 3.15386 3.29772 3.44555 
3.56133 3.71046 3.85969 4.00797 4.15366 4.2932 4.41766 4.5034 4.4931 4.28507 3.82692 3.29388 2.93423 2.79497 2.79998 2.87932 2.99435 3.12666 3.26769 3.4133 
3.52794 3.67541 3.82321 3.97032 4.11531 4.2552 4.38268 4.47856 4.49524 4.34053 3.93767 3.40578 3.00195 2.8202 2.79939 2.865 2.97261 3.1005 3.23852 3.38183 
3.4953 3.64109 3.78742 3.93332 4.0775 4.21745 4.34717 4.45105 4.4898 4.38206 4.03762 3.52102 3.07962 2.85331 2.80343 2.85326 2.95243 3.07542 3.21023 3.35115 
3.4634 3.60747 3.75231 3.89697 4.04025 4.18003 4.31135 4.4215 4.47819 4.41101 4.12501 3.63652 3.16657 2.89491 2.81268 2.84445 2.93398 3.05151 3.18285 3.32125 
3.43223 3.57456 3.71789 3.86126 4.00357 4.14299 4.27541 4.39044 4.46162 4.4289 4.19891 3.7491 3.26162 2.94548 2.82779 2.83896 2.91746 3.02885 3.1564 3.29216 
3.40179 3.54234 3.68414 3.8262 3.96748 4.10638 4.23948 4.35828 4.44109 4.43729 4.25919 3.85575 3.363 3.00525 2.84938 2.83722 2.90309 3.00755 3.13094 3.26387 
3.37208 3.51081 3.65106 3.79177 3.93197 4.07023 4.20369 4.32534 4.41745 4.43766 4.30633 3.95391 3.46849 3.07415 2.87809 2.83972 2.89113 2.98773 3.10651 3.23641 
3.34312 3.47997 3.61863 3.75798 3.89705 4.03457 4.16811 4.2919 4.39139 4.43137 4.34126 4.04163 3.57549 3.15172 2.91446 2.84698 2.8819 2.96954 3.08318 3.20981 
3.31491 3.44982 3.58685 3.72481 3.86272 3.99941 4.13282 4.25815 4.36348 4.41963 4.36519 4.11766 3.68122 3.23706 2.95893 2.85956 2.87574 2.95316 3.06104 3.18409 
3.28746 3.42035 3.55573 3.69227 3.82897 3.96478 4.09787 4.22427 4.33418 4.40347 4.37947 4.18145 3.78294 3.32878 3.01177 2.87802 2.87304 2.9388 3.04019 3.15931 
3.2608 3.39157 3.52525 3.66034 3.79582 3.93066 4.0633 4.19039 4.30385 4.38377 4.38543 4.23309 3.8782 3.42508 3.07297 2.90291 2.87423 2.9267 3.02074 3.13551 
3.23495 3.36349 3.49541 3.62902 3.76325 3.89709 4.02914 4.15661 4.27279 4.36127 4.38435 4.27312 3.96497 3.52378 3.14223 2.93475 2.87977 2.91714 3.00283 3.11276 
3.20994 3.33612 3.46621 3.59831 3.73125 3.86405 3.99543 4.12301 4.24123 4.33656 4.3774 4.30243 4.04182 3.62248 3.21886 2.97392 2.89017 2.91043 2.98663 3.09114 
3.18582 3.30948 3.43766 3.56821 3.69984 3.83154 3.96217 4.08965 4.20939 4.31016 4.36562 4.32211 4.10789 3.71875 3.30178 3.0207 2.90592 2.90692 2.97233 3.07074 
3.16263 3.28358 3.40976 3.53871 3.669 3.79958 3.92938 4.0566 4.17739 4.28247 4.34989 4.33334 4.16292 3.81029 3.38952 3.07514 2.92751 2.907 2.96015 3.05167 
3.14045 3.25845 3.38252 3.50982 3.63872 3.76815 3.89706 4.02389 4.14537 4.25382 4.33098 4.33726 4.20712 3.89511 3.48027 3.13704 2.95539 2.91107 2.95034 3.03406 
3.11933 3.23412 3.35596 3.48153 3.60902 3.73726 3.86524 3.99155 4.11342 4.22448 4.30953 4.33499 4.24107 3.97167 3.572 3.20588 2.98994 2.91958 2.94318 3.01806 
3.09938 3.21064 3.33008 3.45385 3.57988 3.70691 3.8339 3.9596 4.08163 4.19466 4.28608 4.32752 4.26559 4.03891 3.66255 3.28082 3.03142 2.93296 2.93899 3.00385 
3.08069 3.18805 3.3049 3.42678 3.55131 3.67708 3.80306 3.92806 4.05005 4.16455 4.26106 4.31575 4.28166 4.0963 3.74983 3.36067 3.0799 2.95167 2.9381 2.99164 
3.06339 3.16641 3.28046 3.40034 3.52331 3.64779 3.77271 3.89695 4.01873 4.13427 4.23485 4.30044 4.2903 4.14374 3.83194 3.44393 3.13528 2.9761 2.9409 2.98164 
3.04761 3.14579 3.25679 3.37454 3.49587 3.61904 3.74286 3.86628 3.98771 4.10396 4.20773 4.28227 4.29251 4.18154 3.9073 3.52888 3.19717 3.0066 2.94776 2.97411 
3.03352 3.12628 3.23392 3.34939 3.46902 3.59081 3.71351 3.83605 3.95702 4.07369 4.17996 4.2618 4.28924 4.21027 3.97475 3.61364 3.2649 3.04342 2.95909 2.96933 
3.02131 3.10798 3.21191 3.32491 3.44274 3.56312 3.68465 3.80627 3.92669 4.04355 4.15173 4.23949 4.28136 4.2307 4.03353 3.69634 3.33753 3.08666 2.97527 2.96762 
3.01117 3.09099 3.1908 3.30113 3.41706 3.53596 3.65629 3.77695 3.89673 4.01359 4.1232 4.21574 4.26963 4.24369 4.08334 3.77519 3.4138 3.13626 2.99668 2.96931 
3.00334 3.07544 3.17067 3.27809 3.39198 3.50934 3.62843 3.74808 3.86716 3.98385 4.09451 4.19088 4.25474 4.25012 4.12421 3.84865 3.49227 3.19194 3.02362 2.97473 
2.99807 3.06149 3.1516 3.25581 3.36753 3.48326 3.60106 3.71968 3.83798 3.95439 4.06576 4.16517 4.23726 4.25088 4.1565 3.9155 3.57132 3.25319 3.05633 2.98425 
2.99564 3.0493 3.13367 3.23436 3.34372 3.45774 3.5742 3.69173 3.80922 3.92521 4.03703 4.13884 4.21768 4.24678 4.18076 3.97485 3.64927 3.31922 3.09494 2.99822 
2.99636 3.03906 3.11699 3.21377 3.32058 3.43278 3.54784 3.66425 3.78087 3.89636 4.0084 4.11206 4.19642 4.23857 4.19768 4.0262 3.7245 3.38903 3.13941 3.01696 
3.00052 3.03098 3.10168 3.19411 3.29814 3.4084 3.52199 3.63724 3.75294 3.86785 3.97993 4.08499 4.17383 4.22692 4.20803 4.06941 3.79553 3.46138 3.18955 3.04077 
3.00845 3.0253 3.08788 3.17546 3.27643 3.38461 3.49666 3.61069 3.72544 3.83969 3.95165 4.05774 4.1502 4.21242 4.21258 4.10459 3.86113 3.53488 3.24495 3.06986 
3.02047 3.02225 3.07574 3.1579 3.25551 3.36144 3.47185 3.58462 3.69836 3.81189 3.9236 4.03042 4.12578 4.19557 4.2121 4.13212 3.92033 3.60806 3.305 3.10435 
3.03686 3.02212 3.06544 3.14153 3.23542 3.3389 3.44758 3.55902 3.67172 3.78448 3.89582 4.00311 4.10076 4.17681 4.20731 4.15252 3.97251 3.67946 3.36885 3.14427 
3.05789 3.02517 3.05716 3.12646 3.21622 3.31704 3.42387 3.53391 3.64551 3.75745 3.86833 3.97587 4.07531 4.15651 4.19884 4.16643 4.01735 3.74768 3.43546 3.18946 
3.08377 3.0317 3.05112 3.11282 3.19798 3.29588 3.40071 3.50929 3.61975 3.7308 3.84115 3.94876 4.04957 4.13498 4.18728 4.17451 4.05479 3.81151 3.50366 3.23961 
3.11462 3.04198 3.04753 3.10075 3.18078 3.27547 3.37815 3.48516 3.59442 3.70456 3.8143 3.92182 4.02365 4.11248 4.17315 4.17746 4.08504 3.86998 3.57215 3.29422 
3.15048 3.05629 3.04665 3.09041 3.16472 3.25586 3.3562 3.46155 3.56956 3.67872 3.78778 3.89509 3.99765 4.08923 4.15689 4.17593 4.10846 3.92236 3.63961 3.3526 
3.19124 3.07486 3.04873 3.08197 3.14989 3.23711 3.33489 3.43847 3.54514 3.65328 3.76161 3.8686 3.97164 4.06542 4.13888 4.17055 4.12554 3.9682 3.70477 3.41388 
3.23667 3.09789 3.05401 3.07562 3.13642 3.21927 3.31426 3.41592 3.5212 3.62826 3.7358 3.84237 3.94569 4.04119 4.11946 4.16188 4.13685 4.00732 3.76647 3.47705 
3.28635 3.1255 3.06276 3.07157 3.12443 3.20242 3.29435 3.39394 3.49773 3.60366 3.71035 3.81642 3.91984 4.01668 4.09889 4.15043 4.14299 4.03975 3.82373 3.54098 
3.33972 3.15773 3.07522 3.07003 3.11407 3.18666 3.2752 3.37255 3.47475 3.57949 3.68528 3.79077 3.89414 3.99198 4.07743 4.13664 4.14456 4.06571 3.87577 3.6045 
3.39606 3.19453 3.0916 3.07124 3.1055 3.17207 3.25687 3.35178 3.45227 3.55575 3.66059 3.76544 3.86862 3.9672 4.05526 4.12092 4.14213 4.08557 3.92207 3.66646 
3.45449 3.2357 3.11208 3.07542 3.09889 3.15877 3.23942 3.33165 3.43031 3.53245 3.63628 3.74043 3.84332 3.94239 4.03255 4.10361 4.13626 4.09977 3.96231 3.72575 
3.51405 3.28092 3.1368 3.0828 3.09443 3.14688 3.22292 3.31222 3.40889 3.5096 3.61237 3.71575 3.81826 3.91762 4.00945 4.08499 4.12743 4.10884 3.99641 3.78143 
3.5737 3.32972 3.16579 3.0936 3.09231 3.13652 3.20745 3.29352 3.38803 3.48723 3.58886 3.69142 3.79346 3.89293 3.98606 4.06531 4.11609 4.1133 4.02446 3.83271 
3.63238 3.38149 3.19902 3.10803 3.09275 3.12784 3.1931 3.2756 3.36777 3.46533 3.56576 3.66744 3.76893 3.86838 3.9625 4.04479 4.10264 4.11368 4.04669 3.87898 
3.68909 3.43549 3.23636 3.12625 3.09594 3.12101 3.17997 3.25852 3.34813 3.44393 3.54309 3.64382 3.7447 3.844 3.93883 4.02361 4.08742 4.11049 4.06345 3.91987 
3.74292 3.49089 3.27753 3.14837 3.10211 3.11619 3.16818 3.24236 3.32916 3.42305 3.52084 3.62058 3.72077 3.8198 3.91513 4.00192 4.07074 4.1042 4.07517 3.95516 
3.79307 3.54677 3.32216 3.17446 3.11144 3.11357 3.15784 3.22717 3.31088 3.40271 3.49904 3.59771 3.69715 3.79583 3.89146 3.97985 4.05285 4.09525 4.0823 3.98486 
3.83893 3.60218 3.36973 3.20449 3.12412 3.11331 3.14908 3.21306 3.29336 3.38294 3.4777 3.57523 3.67386 3.7721 3.86786 3.95751 4.03399 4.08403 4.08531 4.00907 
3.88003 3.65621 3.41961 3.23837 3.1403 3.11563 3.14206 3.20011 3.27665 3.36377 3.45684 3.55315 3.65091 3.74862 3.84438 3.93499 4.01435 4.0709 4.08467 4.02805 
3.9161 3.70799 3.47107 3.27587 3.1601 3.1207 3.13693 3.18842 3.26081 3.34523 3.43648 3.53148 3.62831 3.72541 3.82104 3.91236 3.99408 4.05614 4.08082 4.04213 
3.94703 3.75674 3.52332 3.31669 3.18358 3.12871 3.13385 3.1781 3.24591 3.32737 3.41663 3.51024 3.60606 3.7025 3.79788 3.8897 3.97333 4.04005 4.07419 4.05168 
3.97284 3.80184 3.57551 3.36039 3.21073 3.13982 3.13299 3.16929 3.23202 3.31024 3.39734 3.48944 3.58418 3.67988 3.77493 3.86705 3.95222 4.02285 4.06515 4.05713 
3.9937 3.8428 3.62681 3.40643 3.24148 3.15418 3.13452 3.16211 3.21924 3.29387 3.37862 3.4691 3.56268 3.65757 3.75219 3.84446 3.93084 4.00474 4.05406 4.05889 
4.00985 3.87926 3.6764 3.4542 3.27565 3.17189 3.13861 3.1567 3.20767 3.27835 3.36051 3.44923 3.54157 3.63559 3.7297 3.82197 3.90928 3.9859 4.04122 4.05736 
4.02158 3.91106 3.72356 3.50299 3.31299 3.19302 3.14543 3.15322 3.19739 3.26372 3.34305 3.42986 3.52086 3.61394 3.70746 3.79961 3.88762 3.96647 4.0269 4.05296 
4.02926 3.93812 3.76764 3.55204 3.35314 3.21757 3.15513 3.15181 3.18853 3.25006 3.32628 3.41102 3.50058 3.59264 3.68549 3.77742 3.86592 3.94659 4.01135 4.04604 
4.03324 3.96054 3.80814 3.60061 3.39563 3.24549 3.16785 3.15263 3.18122 3.23745 3.31026 3.39273 3.48073 3.5717 3.66382 3.75541 3.84422 3.92636 3.99478 4.03695 
4.03391 3.97845 3.84468 3.64795 3.43994 3.27664 3.18367 3.15585 3.17557 3.22599 3.29503 3.37503 3.46135 3.55112 3.64244 3.73362 3.82257 3.90588 3.97736 4.02598 
4.03163 3.99211 3.877 3.69335 3.48543 3.31081 3.20268 3.1616 3.17173 3.21576 3.28067 3.35796 3.44244 3.53094 3.62137 3.71205 3.80101 3.88522 3.95927 4.01342 
4.02675 4.0018 3.90499 3.73621 3.53146 3.34769 3.22488 3.17003 3.16983 3.20688 3.26723 3.34155 3.42404 3.51116 3.60063 3.69072 3.77958 3.86446 3.94062 3.99951 
4.01959 4.00784 3.92864 3.77601 3.57734 3.3869 3.25024 3.18126 3.17002 3.19945 3.2548 3.32585 3.40617 3.49179 3.58023 3.66966 3.75829 3.84365 3.92154 3.98447 
4.01046 4.01055 3.94805 3.81232 3.62239 3.42797 3.27864 3.19539 3.17244 3.19359 3.24345 3.31093 3.38886 3.47287 3.56018 3.64887 3.73718 3.82284 3.90214 3.96848 
3.99963 4.01028 3.96339 3.84488 3.66594 3.47036 3.30991 3.21248 3.17723 3.18942 3.23328 3.29682 3.37216 3.4544 3.5405 3.62838 3.71627 3.80208 3.88249 3.95171 
3.98734 4.00734 3.97487 3.87349 3.70742 3.51349 3.3438 3.23255 3.18451 3.18709 3.22438 3.2836 3.3561 3.43643 3.5212 3.60818 3.69557 3.78139 3.86267 3.9343 
3.97381 4.00206 3.98277 3.8981 3.7463 3.55674 3.37997 3.25558 3.1944 3.18671 3.21685 3.27134 3.34072 3.41896 3.5023 3.58831 3.67511 3.76082 3.84275 3.91638 
3.95924 3.99471 3.98737 3.91874 3.78217 3.59949 3.41802 3.28148 3.207 3.18841 3.21081 3.26011 3.32607 3.40204 3.48383 3.56877 3.6549 3.74039 3.82278 3.89805 
3.94379 3.98556 3.98898 3.9355 3.8147 3.64114 3.45748 3.31011 3.22235 3.19233 3.20636 3.25 3.31222 3.3857 3.4658 3.54957 3.63496 3.72013 3.8028 3.87941 
3.92762 3.97486 3.98789 3.94856 3.84367 3.68112 3.49785 3.34124 3.24049 3.19858 3.20363 3.24109 3.29921 3.36997 3.44823 3.53075 3.6153 3.70005 3.78287 3.86054 
3.91085 3.96283 3.98439 3.95813 3.86897 3.71894 3.53855 3.37461 3.2614 3.20725 3.20273 3.23348 3.28712 3.3549 3.43115 3.5123 3.59594 3.68019 3.76301 3.8415 
3.89361 3.94967 3.97876 3.96446 3.89057 3.75415 3.57904 3.40985 3.28502 3.21845 3.20379 3.22728 3.27601 3.34053 3.4146 3.49426 3.5769 3.66054 3.74325 3.82237 
3.87598 3.93554 3.97125 3.96781 3.90853 3.78643 3.61876 3.44657 3.31123 3.23223 3.20692 3.22258 3.26596 3.32692 3.39861 3.47664 3.55818 3.64115 3.72363 3.80318 
3.85806 3.9206 3.96211 3.96845 3.92295 3.81553 3.65717 3.4843 3.33984 3.24862 3.21223 3.21949 3.25706 3.31412 3.3832 3.45947 3.53981 3.62201 3.70417 3.78399 
3.83991 3.90498 3.95155 3.96665 3.93401 3.84128 3.69379 3.52256 3.37061 3.2676 3.2198 3.21813 3.24939 3.30219 3.36843 3.44278 3.52181 3.60316 3.68488 3.76484 
3.82162 3.88882 3.93977 3.96267 3.9419 3.86362 3.7282 3.56084 3.40324 3.28914 3.22974 3.21861 3.24304 3.2912 3.35433 3.42659 3.50419 3.58459 3.6658 3.74576 
3.80322 3.8722 3.92694 3.95675 3.94685 3.88255 3.76005 3.59862 3.43738 3.31313 3.24208 3.22102 3.23812 3.28122 3.34095 3.41093 3.48698 3.56634 3.64694 3.72677 
3.78478 3.85523 3.91323 3.94912 3.94911 3.89813 3.78906 3.63541 3.47263 3.33942 3.25687 3.22547 3.23472 3.27233 3.32836 3.39583 3.4702 3.54842 3.62832 3.70792 
3.76633 3.83798 3.89877 3.94 3.94891 3.91048 3.81506 3.67075 3.50855 3.36779 3.2741 3.23205 3.23293 3.26461 3.31659 3.38135 3.45387 3.53085 3.60996 3.68921 
3.74791 3.82052 3.88368 3.92958 3.94649 3.91977 3.83792 3.70423 3.54468 3.39801 3.29374 3.24083 3.23288 3.25814 3.30572 3.36751 3.43802 3.51364 3.59188 3.67069 
3.72956 3.80291 3.86807 3.91804 3.94209 3.92618 3.8576 3.73549 3.58055 3.42974 3.31569 3.25187 3.23464 3.25302 3.29582 3.35437 3.42269 3.49683 3.57408 3.65236 
3.71131 3.78521 3.85205 3.90554 3.93592 3.92992 3.87414 3.76425 3.6157 3.46265 3.33985 3.2652 3.23831 3.24933 3.28695 3.34197 3.4079 3.48042 3.5566 3.63425 
3.69319 3.76747 3.83569 3.89221 3.9282 3.93122 3.88761 3.79029 3.6497 3.49633 3.36601 3.28083 3.24398 3.24717 3.27919 3.33037 3.3937 3.46445 3.53944 3.61637 
3.67521 3.74972 3.81907 3.8782 3.91912 3.93028 3.89813 3.81348 3.68215 3.53039 3.39398 3.29872 3.25171 3.24663 3.27261 3.31962 3.38012 3.44894 3.52264 3.59875 
3.65741 3.732 3.80225 3.8636 3.90884 3.92733 3.90586 3.83374 3.71269 3.56438 3.42346 3.31882 3.26156 3.2478 3.26731 3.30979 3.3672 3.43393 3.50621 3.58141 
3.6398 3.71435 3.7853 3.84853 3.89753 3.92257 3.91097 3.85105 3.74105 3.59789 3.45416 3.341 3.27356 3.25076 3.26337 3.30095 3.35499 3.41944 3.49017 3.56435 
3.6224 3.6968 3.76826 3.83306 3.88534 3.9162 3.91365 3.86547 3.76698 3.63051 3.48573 3.36513 3.28772 3.2556 3.26086 3.29316 3.34355 3.40551 3.47455 3.54761 
3.60524 3.67937 3.75118 3.81728 3.87239 3.90841 3.9141 3.87706 3.79032 3.66185 3.51779 3.39101 3.30402 3.26237 3.25988 3.28649 3.33293 3.39217 3.45937 3.5312 
3.58834 3.66209 3.7341 3.80125 3.8588 3.89937 3.91252 3.88595 3.81098 3.69159 3.54995 3.41839 3.32241 3.27113 3.26051 3.28103 3.32318 3.37948 3.44467 3.51515 
3.57171 3.64497 3.71705 3.78505 3.84467 3.88924 3.9091 3.8923 3.8289 3.71941 3.58184 3.44702 3.34278 3.28192 3.26283 3.27686 3.31436 3.36746 3.43047 3.49947 
3.55537 3.62806 3.70006 3.76871 3.83009 3.87816 3.90404 3.89625 3.84409 3.74509 3.61306 3.47657 3.36502 3.29474 3.26691 3.27404 3.30655 3.35618 3.4168 3.48419 
3.53935 3.61135 3.68318 3.7523 3.81515 3.86627 3.89751 3.898 3.8566 3.76844 3.64325 3.50673 3.38896 3.30957 3.27281 3.27266 3.29981 3.34567 3.40371 3.46933 
3.52366 3.59488 3.66641 3.73585 3.79991 3.85367 3.88967 3.89771 3.86652 3.78933 3.67209 3.53712 3.41439 3.32639 3.28057 3.2728 3.29421 3.33601 3.39123 3.45493 
3.50833 3.57867 3.64979 3.7194 3.78445 3.84048 3.88069 3.89557 3.87397 3.80769 3.69929 3.56741 3.44107 3.3451 3.29024 3.27453 3.28983 3.32723 3.3794 3.44101 
3.49339 3.56273 3.63335 3.70298 3.76882 3.82679 3.87071 3.89175 3.87909 3.82351 3.72459 3.59722 3.46873 3.36559 3.30183 3.27791 3.28673 3.31941 3.36827 3.42761 
3.47885 3.54709 3.61709 3.68664 3.75308 3.81268 3.85985 3.88643 3.88203 3.83679 3.74781 3.62624 3.49706 3.38773 3.31533 3.28301 3.28499 3.3126 3.35789 3.41476 
3.46474 3.53177 3.60105 3.67039 3.73726 3.79824 3.84824 3.87976 3.88295 3.84761 3.7688 3.65413 3.52575 3.41134 3.33069 3.28987 3.28468 3.30688 3.34831 3.40249 
3.4511 3.51678 3.58525 3.65426 3.72141 3.78353 3.83598 3.8719 3.88201 3.85605 3.78747 3.68061 3.55447 3.43619 3.34786 3.29852 3.28587 3.30231 3.33957 3.39084 
3.43795 3.50217 3.56971 3.63828 3.70556 3.7686 3.82317 3.86299 3.87938 3.86222 3.80377 3.70544 3.5829 3.46205 3.36675 3.30897 3.28862 3.29895 3.33175 3.37987 
3.42533 3.48794 3.55444 3.62247 3.68975 3.75352 3.8099 3.85315 3.87522 3.86625 3.81769 3.72842 3.61071 3.48865 3.38722 3.32123 3.29298 3.29688 3.32489 3.36961 
3.41327 3.47412 3.53948 3.60686 3.67402 3.73833 3.79624 3.84251 3.86968 3.86829 3.82927 3.74938 3.63761 3.5157 3.40912 3.33526 3.299 3.29617 3.31906 3.36011 
3.40181 3.46075 3.52483 3.59147 3.65838 3.72308 3.78227 3.83117 3.8629 3.86848 3.83856 3.76823 3.66332 3.54291 3.43226 3.35101 3.30671 3.29686 3.31432 3.35142 
3.39099 3.44785 3.51054 3.57631 3.64287 3.7078 3.76805 3.81924 3.85504 3.86697 3.84567 3.78487 3.6876 3.56997 3.45643 3.36841 3.31613 3.29903 3.31073 3.3436 
3.38085 3.43546 3.49661 3.56142 3.62751 3.69253 3.75364 3.8068 3.8462 3.86391 3.8507 3.7993 3.71024 3.59658 3.48139 3.38733 3.32725 3.30272 3.30836 3.3367 
3.37144 3.4236 3.48309 3.54681 3.61232 3.67731 3.73908 3.79392 3.83652 3.85945 3.85377 3.81152 3.73107 3.62246 3.50687 3.40764 3.34005 3.30797 3.30727 3.33077 
3.3628 3.41232 3.46998 3.5325 3.59733 3.66216 3.72442 3.7807 3.82609 3.85373 3.85501 3.82156 3.74996 3.64735 3.53261 3.42919 3.35449 3.31482 3.30751 3.32588 
3.35499 3.40165 3.45733 3.51852 3.58256 3.64711 3.70971 3.76718 3.81502 3.84688 3.85456 3.82951 3.76684 3.67101 3.55833 3.45176 3.3705 3.32327 3.30915 3.32209 
3.34805 3.39163 3.44516 3.5049 3.56803 3.6322 3.69499 3.75343 3.80339 3.83902 3.85255 3.83543 3.78166 3.69322 3.58375 3.47516 3.38798 3.33335 3.31222 3.31945 
3.34205 3.38231 3.43351 3.49165 3.55377 3.61743 3.68027 3.7395 3.7913 3.83027 3.84913 3.83944 3.7944 3.71382 3.6086 3.49915 3.40682 3.34502 3.31676 3.31801 
3.33703 3.37373 3.4224 3.47881 3.53979 3.60284 3.66561 3.72545 3.77881 3.82074 3.84442 3.84166 3.80508 3.73268 3.63263 3.52347 3.42686 3.35824 3.32282 3.31784 
3.33304 3.36594 3.41188 3.4664 3.52613 3.58845 3.65103 3.7113 3.76599 3.81052 3.83854 3.84219 3.81375 3.74968 3.65561 3.54788 3.44794 3.37297 3.33039 3.31898 
3.33015 3.35898 3.40199 3.45445 3.5128 3.57429 3.63655 3.69711 3.75291 3.79971 3.83163 3.84118 3.82048 3.76478 3.67733 3.57212 3.46987 3.38912 3.3395 3.32148 
3.3284 3.3529 3.39276 3.443 3.49983 3.56037 3.6222 3.68291 3.73961 3.78839 3.8238 3.83873 3.82535 3.77793 3.69763 3.59593 3.49242 3.40657 3.35012 3.32538 
3.32785 3.34776 3.38424 3.43207 3.48725 3.54673 3.60801 3.66874 3.72615 3.77663 3.81514 3.83499 3.82845 3.78914 3.71635 3.61909 3.51539 3.42521 3.36223 3.3307 
3.32854 3.34361 3.37646 3.4217 3.47508 3.53337 3.59401 3.65461 3.71257 3.76451 3.80576 3.83006 3.82991 3.79844 3.73338 3.64135 3.53853 3.44488 3.37576 3.33747 
3.33052 3.34049 3.36949 3.41193 3.46335 3.52034 3.58021 3.64058 3.69892 3.75208 3.79575 3.82407 3.82982 3.80588 3.74866 3.66253 3.56161 3.46541 3.39067 3.34568 
3.33382 3.33846 3.36335 3.4028 3.45209 3.50764 3.56663 3.62665 3.68523 3.73941 3.78519 3.81712 3.8283 3.81152 3.76213 3.68245 3.58439 3.48661 3.40684 3.35533 
3.33847 3.33756 3.35811 3.39433 3.44134 3.49532 3.55331 3.61286 3.67154 3.72655 3.77416 3.80932 3.82548 3.81544 3.77377 3.70096 3.60666 3.50828 3.42416 3.3664 
3.34448 3.33783 3.3538 3.38659 3.43112 3.48339 3.54027 3.59923 3.65788 3.71353 3.76273 3.80076 3.82146 3.81774 3.78361 3.71794 3.62818 3.53019 3.44251 3.37883 
3.35187 3.33933 3.35048 3.3796 3.42148 3.47187 3.52752 3.58579 3.64428 3.70042 3.75096 3.79153 3.81635 3.81852 3.79166 3.73331 3.64877 3.55214 3.46172 3.39258 
3.36062 3.34208 3.34818 3.37342 3.41244 3.46081 3.5151 3.57256 3.63077 3.68724 3.73891 3.78173 3.81026 3.81788 3.79798 3.747 3.66826 3.57391 3.48163 3.40755 
3.37072 3.3461 3.34697 3.36808 3.40404 3.45023 3.50303 3.55956 3.61738 3.67403 3.72664 3.77142 3.80329 3.81592 3.80264 3.75899 3.68649 3.59527 3.50205 3.42365 
3.38214 3.35142 3.34686 3.36364 3.39633 3.44017 3.49133 3.54682 3.60413 3.66083 3.71419 3.76067 3.79554 3.81277 3.80572 3.76926 3.70334 3.61603 3.52279 3.44075 
3.3948 3.35805 3.34792 3.36013 3.38934 3.43065 3.48003 3.53436 3.59104 3.64767 3.70161 3.74955 3.78709 3.80851 3.8073 3.77785 3.71872 3.636 3.54364 3.45872 
3.40865 3.36597 3.35015 3.3576 3.38312 3.4217 3.46917 3.52221 3.57815 3.63458 3.68894 3.73813 3.77802 3.80325 3.80748 3.78478 3.73255 3.65501 3.5644 3.47741 
3.4236 3.37518 3.3536 3.35609 3.3777 3.41338 3.45876 3.51039 3.56548 3.62158 3.67622 3.72645 3.76842 3.79709 3.80635 3.7901 3.74479 3.67291 3.58487 3.49664 
3.43954 3.38564 3.35828 3.35564 3.37314 3.40571 3.44885 3.49893 3.55304 3.60871 3.66348 3.71456 3.75835 3.79012 3.80402 3.79388 3.75543 3.68957 3.60486 3.51624 
3.45634 3.3973 3.3642 3.35628 3.36946 3.39872 3.43945 3.48784 3.54087 3.59598 3.65076 3.70251 3.74788 3.78242 3.80057 3.7962 3.76447 3.70488 3.62418 3.53602 
3.47386 3.41011 3.37135 3.35805 3.36671 3.39247 3.43061 3.47717 3.52899 3.58343 3.63808 3.69035 3.73706 3.77408 3.79611 3.79714 3.77192 3.71878 3.64267 3.5558 
3.49196 3.42398 3.37973 3.36096 3.36493 3.38698 3.42236 3.46694 3.51742 3.57107 3.62548 3.67811 3.72597 3.76517 3.79073 3.79679 3.77784 3.7312 3.66019 3.57538 
3.51047 3.43881 3.3893 3.36505 3.36416 3.38231 3.41473 3.45717 3.50619 3.55894 3.61298 3.66583 3.71464 3.75577 3.78451 3.79523 3.78226 3.74212 3.67659 3.59459 
3.52922 3.45451 3.40003 3.37031 3.36442 3.37848 3.40776 3.44791 3.49532 3.54706 3.60061 3.65355 3.70313 3.74594 3.77755 3.79256 3.78526 3.75154 3.69179 3.61325 
3.54804 3.47094 3.41186 3.37675 3.36576 3.37553 3.40148 3.43917 3.48484 3.53544 3.5884 3.64128 3.69147 3.73574 3.76992 3.78887 3.7869 3.75944 3.70568 3.6312 
3.56675 3.48796 3.42472 3.38436 3.36819 3.37351 3.39594 3.43099 3.47478 3.52412 3.57636 3.62908 3.67972 3.72522 3.7617 3.78424 3.78727 3.76588 3.71822 3.6483 
3.58518 3.50543 3.43853 3.39311 3.37172 3.37244 3.39116 3.42341 3.46516 3.51312 3.56453 3.61695 3.66789 3.71445 3.75295 3.77876 3.78645 3.77087 3.72935 3.6644 
3.60317 3.52319 3.45319 3.40296 3.37638 3.37236 3.3872 3.41646 3.45603 3.50246 3.55293 3.60494 3.65604 3.70347 3.74375 3.77251 3.78451 3.77449 3.73906 3.67942 
3.62056 3.54107 3.46857 3.41388 3.38215 3.37329 3.38407 3.41017 3.44739 3.49218 3.54158 3.59306 3.64419 3.69231 3.73415 3.76557 3.78154 3.77678 3.74736 3.69325 
3.6372 3.55893 3.48457 3.4258 3.38904 3.37526 3.38182 3.40458 3.4393 3.48229 3.53051 3.58134 3.63238 3.68104 3.72422 3.75802 3.77764 3.77782 3.75424 3.70583 
3.65297 3.57658 3.50104 3.43864 3.39702 3.37829 3.38048 3.39972 3.43177 3.47283 3.51974 3.56981 3.62063 3.66967 3.71399 3.74991 3.77286 3.77768 3.75975 3.71711 
3.66776 3.59389 3.51785 3.45231 3.40607 3.38238 3.38008 3.39563 3.42484 3.46382 3.50929 3.55849 3.60897 3.65825 3.70353 3.74133 3.76731 3.77644 3.76392 3.72706 
3.68148 3.6107 3.53483 3.46672 3.41613 3.38754 3.38065 3.39234 3.41854 3.45529 3.4992 3.54741 3.59743 3.64682 3.69288 3.73233 3.76104 3.77417 3.76681 3.73567 
3.69405 3.62686 3.55185 3.48174 3.42717 3.39376 3.3822 3.38988 3.41291 3.44728 3.48949 3.53659 3.58603 3.6354 3.68208 3.72296 3.75414 3.77095 3.76847 3.74295 
3.70541 3.64226 3.56874 3.49726 3.4391 3.40103 3.38475 3.3883 3.40798 3.43981 3.48018 3.52605 3.5748 3.62402 3.67117 3.71328 3.74667 3.76686 3.76897 3.7489 
3.71554 3.65679 3.58537 3.51315 3.45185 3.40932 3.38832 3.3876 3.40378 3.43291 3.4713 3.51582 3.56376 3.61272 3.66019 3.70334 3.73869 3.76197 3.76837 3.75357 
3.72441 3.67034 3.60158 3.52926 3.46532 3.41859 3.39291 3.38782 3.40034 3.42661 3.46289 3.50592 3.55295 3.60151 3.64917 3.69319 3.73028 3.75635 3.76676 3.757 
3.73201 3.68285 3.61725 3.54546 3.47943 3.42879 3.39851 3.38898 3.3977 3.42095 3.45496 3.49638 3.54237 3.59043 3.63814 3.68287 3.72147 3.75009 3.7642 3.75923 
3.73835 3.69425 3.63226 3.5616 3.49404 3.43987 3.40511 3.3911 3.39588 3.41596 3.44755 3.48723 3.53206 3.5795 3.62713 3.67241 3.71233 3.74323 3.76076 3.76032 
3.74347 3.7045 3.64648 3.57755 3.50904 3.45175 3.41269 3.39419 3.39492 3.41166 3.44068 3.47848 3.52204 3.56874 3.61618 3.66186 3.70291 3.73585 3.75651 3.76034 
3.74738 3.71357 3.65984 3.59317 3.52431 3.46435 3.42121 3.39824 3.39482 3.40809 3.43439 3.47018 3.51234 3.55819 3.60531 3.65125 3.69325 3.72801 3.75153 3.75934 
3.75013 3.72144 3.67224 3.60833 3.53972 3.47757 3.43064 3.40326 3.39563 3.40528 3.42871 3.46234 3.50297 3.54786 3.59455 3.64061 3.68339 3.71976 3.74588 3.7574 
3.75177 3.72812 3.68362 3.62292 3.55513 3.49132 3.44092 3.40924 3.39734 3.40325 3.42366 3.45499 3.49398 3.53778 3.58392 3.62997 3.67339 3.71115 3.73962 3.75459 
3.75236 3.73362 3.69394 3.63682 3.57041 3.50548 3.45198 3.41616 3.39997 3.40204 3.41928 3.44817 3.48537 3.52798 3.57344 3.61937 3.66326 3.70224 3.73282 3.75096 
3.75194 3.73797 3.70315 3.64994 3.58543 3.51994 3.46374 3.42399 3.40353 3.40165 3.41559 3.44189 3.47718 3.51847 3.56316 3.60884 3.65306 3.69307 3.72554 3.74658 
3.75059 3.74119 3.71124 3.66219 3.60008 3.53458 3.47614 3.43269 3.40801 3.40212 3.41263 3.4362 3.46943 3.50928 3.55308 3.59839 3.64281 3.68368 3.71783 3.74153 
3.74836 3.74334 3.71821 3.67352 3.61423 3.54927 3.48906 3.44221 3.41342 3.40346 3.41041 3.43111 3.46216 3.50044 3.54323 3.58806 3.63255 3.67412 3.70975 3.73585 
3.74532 3.74445 3.72405 3.68386 3.62777 3.56389 3.50242 3.4525 3.41972 3.40567 3.40896 3.42665 3.45538 3.49197 3.53363 3.57787 3.6223 3.66442 3.70134 3.72962 
3.74153 3.74458 3.72878 3.69317 3.64063 3.57832 3.5161 3.46348 3.42689 3.40877 3.40831 3.42286 3.44912 3.4839 3.52432 3.56785 3.6121 3.65463 3.69265 3.72289 
3.73705 3.74378 3.73243 3.70143 3.6527 3.59244 3.53 3.47509 3.43491 3.41275 3.40847 3.41975 3.44342 3.47625 3.51531 3.55801 3.60197 3.64476 3.68373 3.71571 
3.73194 3.74211 3.73503 3.70863 3.66393 3.60614 3.54399 3.48723 3.44372 3.41761 3.40946 3.41736 3.43829 3.46904 3.50663 3.5484 3.59194 3.63487 3.67461 3.70814 
3.72626 3.73963 3.73663 3.71476 3.67425 3.61932 3.55796 3.49982 3.45328 3.42334 3.41128 3.4157 3.43377 3.46232 3.4983 3.53902 3.58203 3.62497 3.66534 3.70023 
3.72007 3.7364 3.73727 3.71983 3.68362 3.63189 3.5718 3.51275 3.46353 3.4299 3.41395 3.4148 3.42988 3.45609 3.49034 3.5299 3.57227 3.61511 3.65594 3.69202 
3.71341 3.73247 3.73699 3.72386 3.692 3.64375 3.5854 3.52593 3.47439 3.43727 3.41747 3.41467 3.42665 3.45038 3.48279 3.52107 3.56269 3.60529 3.64647 3.68355 
3.70635 3.72791 3.73585 3.72688 3.69939 3.65485 3.59864 3.53924 3.48579 3.44542 3.42182 3.41534 3.4241 3.44523 3.47567 3.51255 3.5533 3.59556 3.63694 3.67487 
3.69892 3.72276 3.7339 3.72892 3.70576 3.66511 3.61144 3.55258 3.49764 3.4543 3.42701 3.4168 3.42225 3.44066 3.46899 3.50436 3.54414 3.58593 3.6274 3.66602 
3.69117 3.71709 3.7312 3.73003 3.71113 3.67449 3.6237 3.56584 3.50986 3.46384 3.433 3.41907 3.42112 3.43669 3.4628 3.49653 3.53521 3.57644 3.61786 3.65703 
3.68316 3.71094 3.72781 3.73023 3.7155 3.68296 3.63533 3.57891 3.52234 3.474 3.43977 3.42215 3.42073 3.43334 3.4571 3.48908 3.52656 3.5671 3.60836 3.64794 
3.67491 3.70437 3.72377 3.72959 3.71889 3.69049 3.64626 3.5917 3.53499 3.48469 3.4473 3.42604 3.42109 3.43064 3.45193 3.48203 3.5182 3.55795 3.59892 3.63877 
3.66647 3.69742 3.71914 3.72815 3.72134 3.69707 3.65643 3.6041 3.54771 3.49585 3.45552 3.43071 3.42222 3.42862 3.44731 3.47542 3.51016 3.54899 3.58958 3.62958 
3.65788 3.69013 3.71397 3.72596 3.72288 3.70268 3.66579 3.61603 3.5604 3.50738 3.46441 3.43617 3.42412 3.42728 3.44327 3.46926 3.50245 3.54027 3.58035 3.62037 
3.64917 3.68256 3.70832 3.72307 3.72353 3.70735 3.67431 3.6274 3.57296 3.5192 3.4739 3.44238 3.4268 3.42664 3.43982 3.46358 3.49511 3.5318 3.57126 3.61118 
3.64037 3.67474 3.70222 3.71953 3.72336 3.71108 3.68194 3.63815 3.58528 3.53121 3.48392 3.44932 3.43024 3.42673 3.43699 3.4584 3.48815 3.5236 3.56234 3.60204 
3.63152 3.66672 3.69574 3.7154 3.72239 3.7139 3.68868 3.6482 3.59728 3.54333 3.4944 3.45694 3.43445 3.42755 3.4348 3.45374 3.4816 3.51571 3.5536 3.59298 
3.62264 3.65852 3.68891 3.71072 3.72068 3.71583 3.69451 3.65751 3.60887 3.55546 3.50528 3.4652 3.4394 3.4291 3.43327 3.44964 3.47548 3.50813 3.54508 3.58402 
3.61377 3.65018 3.68177 3.70555 3.71828 3.71691 3.69944 3.66604 3.61997 3.5675 3.51646 3.47405 3.44508 3.4314 3.43241 3.4461 3.46982 3.50089 3.53679 3.57518 
3.60493 3.64175 3.67438 3.69993 3.71522 3.71716 3.70347 3.67374 3.6305 3.57936 3.52786 3.48344 3.45147 3.43443 3.43224 3.44315 3.46464 3.49402 3.52876 3.56649 
3.59615 3.63324 3.66676 3.6939 3.71157 3.71664 3.70661 3.6806 3.64041 3.59095 3.53939 3.49329 3.45851 3.4382 3.43277 3.44082 3.45995 3.48754 3.52101 3.55797 
3.58745 3.62469 3.65895 3.68751 3.70737 3.71539 3.7089 3.68661 3.64964 3.60219 3.55097 3.50353 3.46619 3.44268 3.434 3.43911 3.45579 3.48147 3.51356 3.54964 
3.57885 3.61613 3.65098 3.6808 3.70266 3.71344 3.71036 3.69176 3.65814 3.613 3.56251 3.5141 3.47444 3.44787 3.43595 3.43804 3.45218 3.47583 3.50643 3.54154 
3.5704 3.60758 3.6429 3.67382 3.69749 3.71085 3.71103 3.69605 3.66589 3.62331 3.57391 3.52491 3.48322 3.45373 3.4386 3.43763 3.44913 3.47065 3.49966 3.53367 
3.56209 3.59908 3.63474 3.6666 3.6919 3.70766 3.71092 3.69949 3.67284 3.63305 3.58509 3.53588 3.49247 3.46024 3.44195 3.43789 3.44666 3.46595 3.49325 3.52607 
3.55397 3.59064 3.62651 3.65917 3.68595 3.70391 3.7101 3.70211 3.67899 3.64217 3.59598 3.54692 3.50211 3.46736 3.44599 3.43883 3.44479 3.46175 3.48723 3.51875 
3.54605 3.5823 3.61826 3.65158 3.67966 3.69965 3.70859 3.70392 3.68432 3.65063 3.60649 3.55796 3.51209 3.47504 3.45071 3.44044 3.44353 3.45806 3.48163 3.51174 
3.53835 3.57407 3.61001 3.64385 3.67309 3.69492 3.70643 3.70496 3.68884 3.65838 3.61655 3.5689 3.52233 3.48325 3.45609 3.44273 3.4429 3.45492 3.47646 3.50506 
3.5309 3.56599 3.60179 3.63603 3.66626 3.68977 3.70368 3.70524 3.69254 3.66539 3.62611 3.57968 3.53275 3.49192 3.46209 3.4457 3.44291 3.45233 3.47174 3.49873 
3.52372 3.55807 3.59361 3.62812 3.65921 3.68424 3.70037 3.70482 3.69546 3.67164 3.6351 3.5902 3.54327 3.50099 3.46868 3.44933 3.44357 3.45031 3.4675 3.49277 
3.51683 3.55033 3.58552 3.62018 3.65198 3.67836 3.69654 3.70372 3.69759 3.67713 3.64348 3.6004 3.55382 3.51041 3.47583 3.45361 3.44488 3.44888 3.46376 3.48721 
3.51025 3.54281 3.57753 3.61222 3.6446 3.67218 3.69224 3.70198 3.69897 3.68184 3.65121 3.61021 3.56432 3.5201 3.48349 3.45853 3.44683 3.44805 3.46053 3.48205 
3.504 3.53551 3.56966 3.60428 3.63711 3.66574 3.68751 3.69965 3.69962 3.68578 3.65825 3.61957 3.57469 3.52999 3.49161 3.46405 3.44944 3.44783 3.45783 3.47733 
3.4981 3.52846 3.56194 3.59637 3.62953 3.65906 3.68238 3.69675 3.69957 3.68896 3.66458 3.62841 3.58485 3.54 3.50014 3.47015 3.45268 3.44822 3.45568 3.47307 
3.49257 3.52169 3.55439 3.58852 3.62189 3.6522 3.67691 3.69334 3.69885 3.69138 3.67019 3.63669 3.59473 3.55008 3.50902 3.47679 3.45655 3.44925 3.45409 3.46927 
3.48744 3.51521 3.54704 3.58076 3.61422 3.64516 3.67112 3.68946 3.69751 3.69307 3.67507 3.64437 3.60427 3.56013 3.51818 3.48393 3.46103 3.45089 3.45307 3.46597 
3.48272 3.50904 3.53989 3.57311 3.60655 3.638 3.66506 3.68513 3.69557 3.69406 3.67921 3.65142 3.61341 3.57009 3.52756 3.49154 3.46611 3.45316 3.45264 3.46317 
3.47844 3.50321 3.53299 3.5656 3.59891 3.63074 3.65875 3.68041 3.69308 3.69436 3.68262 3.65781 3.62209 3.57989 3.53709 3.49954 3.47174 3.45604 3.45279 3.4609 
3.4746 3.49774 3.52634 3.55824 3.59131 3.6234 3.65223 3.67532 3.69007 3.69401 3.6853 3.66351 3.63026 3.58946 3.5467 3.5079 3.4779 3.45952 3.45355 3.45916 
3.47124 3.49263 3.51996 3.55105 3.58378 3.61603 3.64554 3.66991 3.68658 3.69304 3.68728 3.66852 3.63787 3.59872 3.55632 3.51656 3.48456 3.4636 3.4549 3.45797 
3.46835 3.48792 3.51389 3.54407 3.57635 3.60863 3.63871 3.66422 3.68265 3.69148 3.68857 3.67283 3.6449 3.60763 3.56588 3.52544 3.49166 3.46825 3.45685 3.45734 
3.46597 3.48363 3.50812 3.5373 3.56904 3.60124 3.63176 3.65827 3.67831 3.68937 3.6892 3.67644 3.65131 3.61613 3.57531 3.5345 3.49917 3.47344 3.4594 3.45727 
3.46409 3.47976 3.5027 3.53077 3.56187 3.59389 3.62472 3.6521 3.67361 3.68674 3.68919 3.67936 3.65708 3.62416 3.58456 3.54366 3.50704 3.47915 3.46252 3.45778 
3.46275 3.47633 3.49763 3.52451 3.55486 3.5866 3.61763 3.64574 3.66857 3.68363 3.68857 3.6816 3.6622 3.63169 3.59354 3.55285 3.51521 3.48534 3.46621 3.45886 
3.46193 3.47337 3.49294 3.51852 3.54803 3.57938 3.61051 3.63923 3.66323 3.68007 3.68737 3.68318 3.66666 3.63868 3.60222 3.56202 3.52362 3.49198 3.47046 3.46052 
3.46166 3.47089 3.48863 3.51284 3.54141 3.57228 3.60338 3.63259 3.65764 3.67611 3.68562 3.6841 3.67045 3.64509 3.61052 3.5711 3.53222 3.49901 3.47523 3.46274 
3.46194 3.4689 3.48474 3.50747 3.53501 3.56529 3.59628 3.62586 3.65181 3.67177 3.68335 3.68441 3.67357 3.65091 3.61841 3.58002 3.54094 3.50641 3.48051 3.46553 
3.46277 3.4674 3.48127 3.50244 3.52885 3.55846 3.58921 3.61905 3.64578 3.6671 3.68061 3.68411 3.67605 3.65611 3.62583 3.58872 3.54972 3.51411 3.48627 3.46886 
3.46415 3.46642 3.47824 3.49776 3.52296 3.55179 3.58222 3.6122 3.63959 3.66212 3.67742 3.68325 3.67788 3.66069 3.63276 3.59714 3.5585 3.52207 3.49246 3.47273 
3.46608 3.46596 3.47567 3.49346 3.51736 3.54531 3.57531 3.60533 3.63325 3.65686 3.67382 3.68185 3.67908 3.66463 3.63915 3.60525 3.56722 3.53022 3.49905 3.47711 
3.46854 3.46603 3.47357 3.48955 3.51205 3.53904 3.56852 3.59847 3.62681 3.65137 3.66984 3.67993 3.67968 3.66794 3.64499 3.61297 3.57581 3.53852 3.50599 3.48199 
3.47154 3.46662 3.47194 3.48604 3.50706 3.533 3.56186 3.59164 3.62029 3.64566 3.66551 3.67754 3.67969 3.67062 3.65025 3.62028 3.58423 3.5469 3.51325 3.48732 
3.47505 3.46774 3.47081 3.48296 3.50241 3.52721 3.55535 3.58486 3.6137 3.63978 3.66087 3.6747 3.67914 3.67268 3.65492 3.62712 3.59241 3.5553 3.52077 3.49309 
3.47907 3.46939 3.47017 3.48031 3.49812 3.52168 3.54902 3.57816 3.60709 3.63375 3.65595 3.67144 3.67806 3.67414 3.65899 3.63348 3.6003 3.56366 3.52849 3.49925 
3.48356 3.47156 3.47003 3.4781 3.4942 3.51644 3.54288 3.57155 3.60047 3.6276 3.65079 3.6678 3.67648 3.67501 3.66246 3.63932 3.60785 3.57194 3.53638 3.50577 
3.4885 3.47424 3.47041 3.47636 3.49066 3.51151 3.53696 3.56507 3.59387 3.62135 3.6454 3.66382 3.67442 3.67531 3.66533 3.64462 3.61502 3.58006 3.54436 3.5126 
3.49386 3.47742 3.47129 3.47508 3.48752 3.50689 3.53127 3.55873 3.58731 3.61503 3.63982 3.65951 3.67191 3.67506 3.6676 3.64937 3.62178 3.58799 3.55239 3.51969 
3.49962 3.48108 3.47268 3.47428 3.4848 3.50261 3.52583 3.55254 3.58081 3.60867 3.63409 3.65492 3.66899 3.67428 3.66929 3.65354 3.62808 3.59566 3.56041 3.52701 
3.50572 3.48521 3.47456 3.47396 3.48251 3.49868 3.52066 3.54654 3.5744 3.6023 3.62822 3.65007 3.66569 3.67301 3.67041 3.65715 3.6339 3.60303 3.56837 3.5345 
3.51214 3.48978 3.47695 3.47413 3.48066 3.49512 3.51577 3.54073 3.56809 3.59592 3.62225 3.64499 3.66203 3.67127 3.67097 3.66018 3.63922 3.61006 3.5762 3.5421 
3.51884 3.49476 3.47981 3.47479 3.47925 3.49194 3.51119 3.53515 3.56191 3.58958 3.61619 3.63972 3.65805 3.66908 3.671 3.66264 3.64402 3.61671 3.58387 3.54977 
3.52576 3.50012 3.48315 3.47593 3.4783 3.48916 3.50693 3.52979 3.55588 3.58328 3.61009 3.63428 3.65377 3.66648 3.67051 3.66454 3.64828 3.62294 3.59132 3.55745 
3.53286 3.50584 3.48693 3.47756 3.47781 3.48679 3.503 3.52469 3.55001 3.57706 3.60395 3.62869 3.64923 3.66349 3.66953 3.66588 3.652 3.62873 3.5985 3.56509 
3.54009 3.51187 3.49115 3.47966 3.47779 3.48484 3.49943 3.51987 3.54432 3.57093 3.5978 3.62299 3.64446 3.66015 3.66809 3.66669 3.65517 3.63405 3.60538 3.57264 
3.5474 3.51818 3.49577 3.48223 3.47824 3.48331 3.49622 3.51533 3.53884 3.56492 3.59167 3.61719 3.63948 3.65648 3.66621 3.66697 3.6578 3.63888 3.61191 3.58005 
3.55475 3.52472 3.50076 3.48525 3.47916 3.48222 3.49339 3.51109 3.53358 3.55903 3.58558 3.61133 3.63432 3.65252 3.66391 3.66676 3.65989 3.64321 3.61806 3.58727 
3.56208 3.53145 3.50611 3.48872 3.48054 3.48158 3.49094 3.50717 3.52856 3.5533 3.57955 3.60543 3.62901 3.64828 3.66124 3.66606 3.66144 3.64702 3.6238 3.59426 
3.56935 3.53832 3.51177 3.4926 3.48238 3.48138 3.4889 3.50359 3.52379 3.54774 3.5736 3.59951 3.62358 3.6438 3.6582 3.6649 3.66247 3.65032 3.62911 3.60097 
3.5765 3.54529 3.5177 3.49687 3.48467 3.48164 3.48727 3.50035 3.5193 3.54237 3.56774 3.5936 3.61804 3.63911 3.65483 3.66331 3.663 3.65309 3.63395 3.60737 
3.58349 3.55231 3.52388 3.50152 3.4874 3.48234 3.48605 3.49747 3.51509 3.5372 3.56201 3.58771 3.61242 3.63423 3.65116 3.66131 3.66303 3.65535 3.63833 3.61343 
3.59028 3.55934 3.53025 3.50651 3.49055 3.48349 3.48526 3.49497 3.51119 3.53226 3.55642 3.58187 3.60676 3.62919 3.64722 3.65892 3.66259 3.65709 3.64222 3.61911 
3.59683 3.56632 3.53677 3.51181 3.49412 3.48508 3.4849 3.49285 3.5076 3.52756 3.55098 3.57609 3.60106 3.62402 3.64303 3.65618 3.6617 3.65833 3.64562 3.62438 
3.60309 3.57321 3.54341 3.51739 3.49807 3.48711 3.48498 3.49112 3.50434 3.52311 3.54572 3.5704 3.59536 3.61873 3.63862 3.6531 3.66039 3.65907 3.64852 3.62923 
3.60904 3.57998 3.55011 3.52322 3.50238 3.48957 3.48548 3.48979 3.50143 3.51894 3.54065 3.56482 3.58967 3.61336 3.63402 3.64972 3.65866 3.65934 3.65092 3.63364 
3.61465 3.58656 3.55684 3.52924 3.50704 3.49243 3.48642 3.48887 3.49887 3.51506 3.53579 3.55937 3.58402 3.60793 3.62924 3.64607 3.65656 3.65915 3.65283 3.63758 
3.61988 3.59294 3.56354 3.53543 3.512 3.4957 3.48778 3.48835 3.49668 3.51147 3.53116 3.55406 3.57842 3.60245 3.62433 3.64216 3.6541 3.65851 3.65426 3.64107 
3.62471 3.59906 3.57018 3.54175 3.51724 3.49934 3.48956 3.48826 3.49486 3.5082 3.52677 3.54891 3.5729 3.59696 3.61929 3.63802 3.6513 3.65745 3.6552 3.64408 
3.62913 3.60489 3.57671 3.54814 3.52272 3.50334 3.49176 3.48858 3.49343 3.50526 3.52264 3.54394 3.56747 3.59147 3.61416 3.63368 3.6482 3.656 3.65569 3.64661 
3.63312 3.61041 3.58309 3.55457 3.52842 3.50767 3.49435 3.48931 3.49238 3.50265 3.51878 3.53917 3.56216 3.58601 3.60895 3.62917 3.64482 3.65416 3.65573 3.64867 
3.63667 3.61558 3.58929 3.561 3.53429 3.51231 3.49733 3.49046 3.49173 3.5004 3.5152 3.53461 3.55697 3.58059 3.6037 3.6245 3.64118 3.65197 3.65533 3.65027 
3.63977 3.62039 3.59526 3.56739 3.54028 3.51723 3.50068 3.49201 3.49148 3.4985 3.51192 3.53028 3.55194 3.57523 3.59841 3.61971 3.63731 3.64944 3.65452 3.6514 
3.64242 3.62481 3.60097 3.57369 3.54638 3.52239 3.50438 3.49396 3.49163 3.49697 3.50896 3.52619 3.54707 3.56996 3.59312 3.61481 3.63324 3.64661 3.65331 3.65209 
3.64462 3.62883 3.60639 3.57986 3.55253 3.52777 3.50841 3.4963 3.49218 3.49582 3.50632 3.52235 3.54239 3.56478 3.58784 3.60983 3.62898 3.64349 3.65173 3.65234 
3.64637 3.63243 3.6115 3.58587 3.55869 3.53332 3.51274 3.49901 3.49312 3.49504 3.50401 3.51879 3.5379 3.55973 3.5826 3.6048 3.62456 3.64012 3.64979 3.65216 
3.64768 3.63561 3.61627 3.59169 3.56482 3.53901 3.51735 3.50209 3.49445 3.49464 3.50204 3.51551 3.53363 3.55481 3.57741 3.59972 3.62 3.63651 3.64753 3.65158 
3.64855 3.63836 3.62068 3.59727 3.57089 3.54482 3.5222 3.5055 3.49618 3.49463 3.50042 3.51253 3.52959 3.55005 3.57229 3.59462 3.61534 3.63269 3.64495 3.65061 
3.64899 3.64068 3.62471 3.60259 3.57686 3.55068 3.52727 3.50924 3.49827 3.495 3.49916 3.50986 3.52579 3.54546 3.56726 3.58953 3.61058 3.62867 3.6421 3.64927 
3.64902 3.64256 3.62835 3.60762 3.58269 3.55658 3.53252 3.51327 3.50073 3.49575 3.49827 3.5075 3.52225 3.54105 3.56233 3.58446 3.60576 3.6245 3.63897 3.64758 
3.64866 3.64402 3.63159 3.61234 3.58834 3.56247 3.53792 3.51758 3.50354 3.49689 3.49774 3.50547 3.51897 3.53684 3.55753 3.57944 3.60088 3.62018 3.63561 3.64557 
3.64791 3.64506 3.63442 3.61673 3.59379 3.56831 3.54344 3.52214 3.50669 3.49839 3.49758 3.50378 3.51598 3.53285 3.55288 3.57447 3.59598 3.61574 3.63204 3.64324 
3.6468 3.64569 3.63684 3.62076 3.599 3.57407 3.54904 3.52691 3.51015 3.50026 3.49778 3.50243 3.51328 3.52909 3.54838 3.56958 3.59108 3.6112 3.62827 3.64063 
3.64535 3.64592 3.63885 3.62443 3.60395 3.57971 3.55467 3.53188 3.5139 3.50248 3.49836 3.50142 3.51089 3.52557 3.54405 3.56479 3.58618 3.60659 3.62433 3.63776 
3.64357 3.64575 3.64045 3.62771 3.60861 3.5852 3.56032 3.537 3.51793 3.50504 3.4993 3.50077 3.5088 3.52231 3.53991 3.56011 3.58132 3.60192 3.62024 3.63464 
3.64148 3.64522 3.64164 3.63061 3.61296 3.59051 3.56594 3.54224 3.5222 3.50793 3.5006 3.50047 3.50704 3.51931 3.53598 3.55556 3.57651 3.59721 3.61602 3.6313 
3.63911 3.64433 3.64244 3.63312 3.61698 3.59561 3.57149 3.54757 3.5267 3.51113 3.50226 3.50053 3.5056 3.51659 3.53226 3.55115 3.57176 3.59248 3.6117 3.62777 
3.63647 3.64309 3.64284 3.63524 3.62065 3.60046 3.57695 3.55296 3.53138 3.51462 3.50425 3.50094 3.5045 3.51416 3.52876 3.54691 3.5671 3.58776 3.60729 3.62406 
3.63359 3.64154 3.64287 3.63696 3.62398 3.60505 3.58227 3.55836 3.53622 3.51838 3.50658 3.5017 3.50373 3.51203 3.52552 3.54284 3.56254 3.58306 3.60282 3.62019 
3.63048 3.63968 3.64253 3.63829 3.62693 3.60936 3.58744 3.56376 3.5412 3.52238 3.50923 3.50281 3.50331 3.51021 3.52252 3.53896 3.5581 3.5784 3.5983 3.61619 
3.62718 3.63753 3.64185 3.63924 3.62952 3.61336 3.59241 3.56911 3.54627 3.5266 3.51218 3.50426 3.50322 3.5087 3.51979 3.53529 3.55379 3.5738 3.59376 3.61208 
3.62369 3.63512 3.64082 3.63981 3.63173 3.61704 3.59717 3.57438 3.55142 3.53101 3.51541 3.50605 3.50348 3.5075 3.51734 3.53183 3.54963 3.56927 3.58921 3.60788 
3.62004 3.63247 3.63948 3.64002 3.63356 3.62038 3.60168 3.57954 3.55659 3.5356 3.51891 3.50815 3.50408 3.50663 3.51516 3.5286 3.54564 3.56483 3.58467 3.6036 
3.61626 3.62959 3.63784 3.63987 3.63502 3.62338 3.60593 3.58455 3.56177 3.54031 3.52265 3.51057 3.50501 3.50609 3.51328 3.52561 3.54182 3.5605 3.58016 3.59927 
3.61235 3.6265 3.63591 3.63937 3.63611 3.62603 3.6099 3.5894 3.56691 3.54514 3.52662 3.51328 3.50627 3.50587 3.5117 3.52288 3.5382 3.55629 3.5757 3.59491 
3.60835 3.62323 3.63372 3.63855 3.63683 3.62832 3.61357 3.59405 3.572 3.55004 3.53077 3.51628 3.50785 3.50599 3.51043 3.5204 3.53477 3.55222 3.57131 3.59053 
3.60426 3.6198 3.63129 3.63741 3.6372 3.63025 3.61693 3.59849 3.57699 3.55499 3.5351 3.51953 3.50975 3.50643 3.50946 3.51819 3.53157 3.5483 3.56699 3.58615 
3.60012 3.61622 3.62862 3.63597 3.63722 3.63182 3.61996 3.60268 3.58185 3.55995 3.53957 3.52302 3.51195 3.50719 3.50881 3.51627 3.52859 3.54455 3.56277 3.58179 
3.59593 3.61252 3.62575 3.63426 3.63691 3.63304 3.62266 3.60661 3.58657 3.56489 3.54415 3.52674 3.51444 3.50827 3.50847 3.51463 3.52585 3.54098 3.55866 3.57748 
3.59172 3.60871 3.62269 3.63228 3.63627 3.6339 3.62502 3.61026 3.59112 3.56979 3.54882 3.53065 3.5172 3.50967 3.50845 3.51328 3.52336 3.5376 3.55468 3.57321 
3.5875 3.60481 3.61947 3.63005 3.63532 3.63442 3.62703 3.61361 3.59546 3.57462 3.55355 3.53473 3.52022 3.51137 3.50875 3.51222 3.52113 3.53442 3.55084 3.56902 
3.5833 3.60085 3.61609 3.62759 3.63409 3.6346 3.62871 3.61667 3.59958 3.57933 3.5583 3.53896 3.52348 3.51336 3.50935 3.51147 3.51916 3.53145 3.54715 3.56491 
3.57912 3.59684 3.61259 3.62493 3.63257 3.63446 3.63004 3.6194 3.60347 3.58392 3.56305 3.54331 3.52695 3.51564 3.51027 3.51102 3.51746 3.52872 3.54364 3.5609 
3.57499 3.5928 3.60897 3.62208 3.63079 3.634 3.63103 3.62182 3.60709 3.58835 3.56776 3.54775 3.53063 3.51818 3.51149 3.51088 3.51605 3.52622 3.5403 3.55701 
3.57092 3.58874 3.60526 3.61905 3.62876 3.63323 3.63169 3.62391 3.61044 3.5926 3.57242 3.55226 3.53448 3.52098 3.513 3.51104 3.51492 3.52396 3.53715 3.55325 
3.56693 3.58468 3.60148 3.61588 3.62651 3.63218 3.63202 3.62567 3.6135 3.59665 3.57698 3.5568 3.53847 3.52401 3.5148 3.5115 3.51407 3.52196 3.53421 3.54964 
3.56302 3.58065 3.59764 3.61256 3.62405 3.63085 3.63203 3.62711 3.61627 3.60048 3.58144 3.56136 3.5426 3.52726 3.51687 3.51226 3.51352 3.52022 3.53148 3.54617 
3.55922 3.57665 3.59376 3.60913 3.62139 3.62927 3.63174 3.62821 3.61873 3.60407 3.58575 3.56589 3.54682 3.53071 3.51921 3.51331 3.51326 3.51874 3.52897 3.54288 
3.55554 3.5727 3.58986 3.60561 3.61856 3.62743 3.63114 3.629 3.62088 3.6074 3.5899 3.57038 3.55112 3.53433 3.52179 3.51464 3.51329 3.51754 3.5267 3.53977 
3.552 3.56882 3.58595 3.602 3.61558 3.62538 3.63027 3.62947 3.62272 3.61046 3.59387 3.5748 3.55546 3.5381 3.52461 3.51626 3.51362 3.51662 3.52467 3.53685 
3.5486 3.56502 3.58205 3.59833 3.61245 3.62311 3.62912 3.62963 3.62425 3.61325 3.59764 3.57911 3.55982 3.54201 3.52764 3.51814 3.51423 3.51597 3.52289 3.53414 
3.54536 3.56131 3.57819 3.59461 3.60921 3.62064 3.62772 3.62949 3.62546 3.61575 3.60118 3.58331 3.56418 3.54602 3.53087 3.52028 3.51512 3.5156 3.52136 3.53163 
3.54228 3.55772 3.57436 3.59086 3.60586 3.618 3.62607 3.62906 3.62636 3.61795 3.60449 3.58736 3.5685 3.55011 3.53428 3.52266 3.51629 3.51552 3.5201 3.52935 
3.53939 3.55424 3.57059 3.58711 3.60242 3.6152 3.6242 3.62835 3.62696 3.61986 3.60755 3.59125 3.57276 3.55425 3.53784 3.52528 3.51773 3.51571 3.51909 3.5273 
3.53669 3.55091 3.5669 3.58335 3.59892 3.61226 3.62211 3.62737 3.62725 3.62147 3.61035 3.59495 3.57695 3.55843 3.54153 3.5281 3.51944 3.51618 3.51836 3.52548 
3.53419 3.54772 3.56329 3.57961 3.59536 3.6092 3.61984 3.62614 3.62726 3.62277 3.61287 3.59844 3.58102 3.56261 3.54534 3.53112 3.52139 3.51693 3.51789 3.52391 
3.5319 3.54469 3.55978 3.57591 3.59177 3.60602 3.61738 3.62467 3.62698 3.62378 3.61512 3.60172 3.58497 3.56677 3.54923 3.53432 3.52358 3.51794 3.5177 3.52258 
3.52983 3.54183 3.55638 3.57225 3.58815 3.60275 3.61476 3.62298 3.62643 3.62449 3.61708 3.60476 3.58877 3.57088 3.55318 3.53767 3.526 3.51922 3.51777 3.52151 
3.52799 3.53915 3.55311 3.56866 3.58453 3.59941 3.612 3.62107 3.62561 3.62491 3.61876 3.60756 3.59239 3.57493 3.55717 3.54116 3.52862 3.52075 3.51812 3.52069 
3.52637 3.53666 3.54997 3.56515 3.58093 3.59601 3.6091 3.61897 3.62455 3.62505 3.62015 3.6101 3.59584 3.57888 3.56118 3.54477 3.53144 3.52253 3.51873 3.52014 
3.525 3.53436 3.54698 3.56172 3.57735 3.59257 3.6061 3.61669 3.62325 3.62492 3.62125 3.61238 3.59907 3.58272 3.56518 3.54846 3.53444 3.52454 3.51959 3.51984 
3.52386 3.53228 3.54416 3.5584 3.5738 3.5891 3.603 3.61425 3.62173 3.62451 3.62207 3.6144 3.6021 3.58643 3.56914 3.55223 3.5376 3.52677 3.52072 3.51981 
3.52298 3.53041 3.5415 3.5552 3.57032 3.58562 3.59981 3.61166 3.61999 3.62385 3.62261 3.61613 3.60489 3.58998 3.57305 3.55604 3.54089 3.52921 3.52209 3.52003 
3.52234 3.52876 3.53902 3.55212 3.5669 3.58214 3.59657 3.60894 3.61806 3.62295 3.62287 3.6176 3.60744 3.59336 3.57688 3.55988 3.5443 3.53184 3.5237 3.52051 
3.52195 3.52734 3.53674 3.54918 3.56356 3.57868 3.59327 3.6061 3.61596 3.62181 3.62287 3.61879 3.60975 3.59656 3.58061 3.56372 3.54781 3.53464 3.52553 3.52124 
3.52181 3.52615 3.53464 3.54639 3.56032 3.57525 3.58994 3.60316 3.61368 3.62044 3.62261 3.6197 3.6118 3.59955 3.58422 3.56754 3.5514 3.53761 3.52759 3.52222 
3.52192 3.5252 3.53276 3.54376 3.55718 3.57187 3.5866 3.60013 3.61126 3.61888 3.62209 3.62035 3.61359 3.60233 3.5877 3.57131 3.55504 3.54071 3.52984 3.52343 
3.52228 3.52448 3.53108 3.5413 3.55416 3.56855 3.58325 3.59703 3.6087 3.61711 3.62133 3.62073 3.61512 3.60488 3.59101 3.57502 3.55871 3.54394 3.53229 3.52488 
3.52288 3.52401 3.52962 3.53902 3.55127 3.5653 3.57991 3.59388 3.60602 3.61517 3.62034 3.62085 3.61638 3.60721 3.59416 3.57864 3.56239 3.54727 3.53491 3.52656 
3.52372 3.52377 3.52838 3.53692 3.54852 3.56213 3.57659 3.5907 3.60324 3.61306 3.61914 3.62071 3.61739 3.60929 3.59712 3.58215 3.56606 3.55067 3.53769 3.52844 
3.52479 3.52378 3.52737 3.53502 3.54593 3.55907 3.57331 3.58748 3.60036 3.61079 3.61773 3.62033 3.61813 3.61112 3.59988 3.58554 3.5697 3.55414 3.54062 3.53053 
3.52609 3.52402 3.52658 3.53332 3.54349 3.55611 3.57009 3.58426 3.59742 3.6084 3.61612 3.61971 3.61861 3.61271 3.60243 3.58879 3.57328 3.55765 3.54366 3.5328 
3.52761 3.5245 3.52603 3.53183 3.54121 3.55327 3.56693 3.58104 3.59441 3.60587 3.61434 3.61887 3.61885 3.61404 3.60476 3.59189 3.57679 3.56118 3.54682 3.53525 
3.52933 3.52521 3.5257 3.53054 3.53912 3.55056 3.56385 3.57783 3.59136 3.60324 3.61238 3.61781 3.61883 3.61512 3.60687 3.59481 3.58021 3.56471 3.55005 3.53785 
3.53126 3.52615 3.52561 3.52948 3.53721 3.548 3.56085 3.57466 3.58828 3.60052 3.61028 3.61655 3.61858 3.61595 3.60874 3.59754 3.58351 3.56821 3.55336 3.5406 
3.53336 3.52731 3.52575 3.52863 3.53549 3.54558 3.55796 3.57154 3.58518 3.59772 3.60803 3.6151 3.6181 3.61654 3.61037 3.60008 3.58669 3.57167 3.55671 3.54348 
3.53564 3.52868 3.52612 3.528 3.53397 3.54332 3.55517 3.56846 3.58207 3.59485 3.60566 3.61346 3.61739 3.61688 3.61176 3.60241 3.58973 3.57507 3.56009 3.54646 
3.53808 3.53025 3.52671 3.5276 3.53264 3.54123 3.55251 3.56546 3.57898 3.59193 3.60318 3.61166 3.61647 3.61698 3.61292 3.60453 3.5926 3.57839 3.56347 3.54953 
3.54066 3.53202 3.52752 3.52741 3.53153 3.53932 3.54998 3.56254 3.57592 3.58898 3.6006 3.60971 3.61535 3.61684 3.61383 3.60643 3.59531 3.58161 3.56684 3.55267 
3.54337 3.53397 3.52854 3.52745 3.53062 3.53758 3.54759 3.55971 3.57289 3.58601 3.59794 3.60761 3.61404 3.61648 3.6145 3.60811 3.59783 3.58471 3.57018 3.55587 
3.54619 3.53609 3.52977 3.52771 3.52993 3.53604 3.54535 3.55698 3.5699 3.58302 3.59521 3.60539 3.61256 3.61591 3.61494 3.60955 3.60016 3.58768 3.57347 3.5591 
3.5491 3.53837 3.5312 3.52819 3.52945 3.53468 3.54327 3.55437 3.56698 3.58004 3.59243 3.60305 3.6109 3.61512 3.61514 3.61077 3.60229 3.59051 3.57668 3.56234 
3.55209 3.54079 3.53282 3.52888 3.52918 3.53352 3.54135 3.55187 3.56413 3.57708 3.5896 3.60062 3.60909 3.61414 3.61512 3.61175 3.60421 3.59318 3.57981 3.56558 
3.55513 3.54333 3.53462 3.52978 3.52913 3.53257 3.53961 3.54951 3.56137 3.57414 3.58675 3.5981 3.60714 3.61297 3.61488 3.61251 3.60592 3.59568 3.58284 3.5688 
3.55822 3.54599 3.53658 3.53088 3.52929 3.53181 3.53804 3.54729 3.5587 3.57125 3.58388 3.5955 3.60506 3.61162 3.61442 3.61303 3.60741 3.598 3.58575 3.57197 
3.56132 3.54875 3.53871 3.53217 3.52966 3.53126 3.53666 3.54522 3.55613 3.56841 3.58101 3.59285 3.60287 3.6101 3.61376 3.61333 3.60868 3.60014 3.58853 3.57509 
3.56443 3.55159 3.54097 3.53365 3.53024 3.53092 3.53546 3.54331 3.55368 3.56564 3.57815 3.59015 3.60057 3.60844 3.61291 3.61341 3.60973 3.60207 3.59116 3.57813 
3.56753 3.55448 3.54337 3.5353 3.53102 3.53078 3.53446 3.54156 3.55135 3.56294 3.57531 3.58741 3.59818 3.60662 3.61187 3.61328 3.61055 3.6038 3.59363 3.58108 
3.57059 3.55743 3.54587 3.53712 3.53199 3.53085 3.53365 3.53998 3.54916 3.56033 3.57251 3.58466 3.59572 3.60468 3.61065 3.61294 3.61116 3.60533 3.59594 3.58392 
3.57361 3.5604 3.54848 3.5391 3.53316 3.53112 3.53304 3.53857 3.5471 3.55781 3.56975 3.5819 3.59319 3.60262 3.60927 3.6124 3.61155 3.60665 3.59807 3.58665 
3.57656 3.56338 3.55117 3.54121 3.5345 3.53159 3.53262 3.53734 3.54519 3.55541 3.56706 3.57914 3.59061 3.60046 3.60774 3.61167 3.61173 3.60775 3.60001 3.58923 
3.57943 3.56636 3.55393 3.54346 3.53602 3.53226 3.53241 3.5363 3.54344 3.55311 3.56443 3.5764 3.588 3.59821 3.60606 3.61076 3.6117 3.60865 3.60176 3.59168 
3.5822 3.56931 3.55673 3.54582 3.5377 3.53312 3.53239 3.53544 3.54185 3.55094 3.56187 3.57368 3.58536 3.59587 3.60426 3.60967 3.61147 3.60933 3.60332 3.59396 
3.58486 3.57223 3.55957 3.54828 3.53953 3.53416 3.53257 3.53477 3.54042 3.5489 3.55941 3.57101 3.5827 3.59347 3.60233 3.60842 3.61104 3.6098 3.60468 3.59608 
3.58741 3.57509 3.56243 3.55083 3.54151 3.53538 3.53294 3.53429 3.53917 3.54701 3.55705 3.56839 3.58004 3.59101 3.6003 3.60701 3.61043 3.61007 3.60583 3.59803 
3.58981 3.57788 3.56529 3.55345 3.54361 3.53676 3.5335 3.534 3.53808 3.54525 3.55479 3.56583 3.5774 3.58851 3.59817 3.60546 3.60963 3.61014 3.60679 3.5998 
3.59207 3.58058 3.56814 3.55612 3.54583 3.53831 3.53425 3.5339 3.53718 3.54365 3.55265 3.56334 3.57477 3.58598 3.59596 3.60379 3.60866 3.61 3.60754 3.60138 
3.59418 3.58318 3.57095 3.55883 3.54815 3.54001 3.53517 3.534 3.53646 3.54221 3.55063 3.56093 3.57218 3.58343 3.59368 3.60199 3.60753 3.60968 3.60809 3.60277 
3.59613 3.58567 3.57372 3.56157 3.55056 3.54185 3.53627 3.53427 3.53592 3.54093 3.54875 3.55861 3.56964 3.58087 3.59134 3.60008 3.60625 3.60918 3.60844 3.60397 
3.5979 3.58804 3.57642 3.56431 3.55305 3.54382 3.53753 3.53473 3.53557 3.53982 3.547 3.55639 3.56714 3.57832 3.58895 3.59808 3.60483 3.60849 3.60859 3.60498 
3.5995 3.59028 3.57905 3.56705 3.55559 3.5459 3.53896 3.53538 3.53539 3.53888 3.54539 3.55428 3.56472 3.57579 3.58653 3.59599 3.60328 3.60764 3.60855 3.60579 
3.60092 3.59237 3.58159 3.56976 3.55818 3.54809 3.54053 3.53619 3.5354 3.53811 3.54394 3.55229 3.56236 3.57328 3.58408 3.59382 3.6016 3.60663 3.60833 3.60641 
3.60216 3.5943 3.58403 3.57244 3.5608 3.55037 3.54223 3.53718 3.53559 3.53752 3.54264 3.55042 3.56009 3.57081 3.58163 3.5916 3.59982 3.60547 3.60793 3.60683 
3.60321 3.59608 3.58636 3.57506 3.56343 3.55272 3.54407 3.53832 3.53596 3.5371 3.5415 3.54868 3.55792 3.56838 3.57917 3.58932 3.59793 3.60416 3.60735 3.60707 
3.60408 3.5977 3.58856 3.57762 3.56606 3.55514 3.54602 3.53963 3.53651 3.53686 3.54053 3.54707 3.55584 3.56602 3.57672 3.58701 3.59596 3.60273 3.60661 3.60712 
3.60476 3.59914 3.59063 3.5801 3.56867 3.5576 3.54808 3.54107 3.53722 3.53679 3.53971 3.54561 3.55387 3.56372 3.5743 3.58467 3.59391 3.60117 3.60571 3.60699 
3.60526 3.60041 3.59256 3.58248 3.57125 3.5601 3.55023 3.54266 3.5381 3.5369 3.53907 3.5443 3.55202 3.5615 3.5719 3.58231 3.5918 3.59951 3.60466 3.60668 
3.60557 3.6015 3.59434 3.58476 3.57379 3.56262 3.55246 3.54437 3.53913 3.53718 3.5386 3.54313 3.55029 3.55937 3.56955 3.57994 3.58963 3.59774 3.60347 3.60621 
3.6057 3.60242 3.59596 3.58693 3.57628 3.56515 3.55475 3.5462 3.54032 3.53763 3.53829 3.54213 3.54869 3.55732 3.56725 3.57758 3.58742 3.59588 3.60215 3.60557 
3.60566 3.60315 3.59742 3.58897 3.57869 3.56766 3.5571 3.54813 3.54165 3.53825 3.53816 3.54128 3.54722 3.55538 3.56501 3.57524 3.58518 3.59395 3.60071 3.60477 
3.60544 3.60371 3.59871 3.59089 3.58102 3.57016 3.55949 3.55016 3.54312 3.53902 3.53819 3.54059 3.54589 3.55355 3.56284 3.57292 3.58292 3.59194 3.59916 3.60383 
3.60506 3.60409 3.59984 3.59266 3.58325 3.57261 3.5619 3.55226 3.54471 3.53995 3.53839 3.54006 3.54471 3.55183 3.56074 3.57064 3.58065 3.58988 3.5975 3.60275 
3.60452 3.6043 3.6008 3.59428 3.58538 3.57502 3.56432 3.55444 3.54641 3.54103 3.53875 3.5397 3.54368 3.55024 3.55874 3.5684 3.57837 3.58778 3.59576 3.60154 
3.60383 3.60434 3.60159 3.59576 3.5874 3.57736 3.56674 3.55667 3.54823 3.54225 3.53928 3.5395 3.54279 3.54877 3.55683 3.56622 3.57611 3.58564 3.59393 3.60021 
3.60299 3.60421 3.6022 3.59707 3.58929 3.57963 3.56914 3.55894 3.55013 3.5436 3.53996 3.53946 3.54207 3.54744 3.55502 3.5641 3.57387 3.58347 3.59204 3.59877 
3.60202 3.60392 3.60265 3.59823 3.59105 3.58182 3.57151 3.56125 3.55212 3.54508 3.54079 3.53958 3.54149 3.54624 3.55332 3.56205 3.57166 3.58129 3.59008 3.59723 
3.60091 3.60347 3.60292 3.59923 3.59268 3.58391 3.57384 3.56357 3.55419 3.54667 3.54176 3.53987 3.54108 3.54518 3.55173 3.56009 3.56949 3.5791 3.58807 3.59559 
3.59969 3.60287 3.60304 3.60006 3.59416 3.58589 3.57612 3.56589 3.55631 3.54837 3.54288 3.5403 3.54082 3.54427 3.55027 3.55821 3.56736 3.57692 3.58603 3.59387 
3.59835 3.60213 3.60299 3.60073 3.59549 3.58776 3.57833 3.5682 3.55847 3.55016 3.54412 3.54089 3.54071 3.54351 3.54892 3.55642 3.56529 3.57475 3.58395 3.59208 
3.59691 3.60126 3.60278 3.60123 3.59667 3.58951 3.58047 3.57049 3.56067 3.55204 3.54549 3.54163 3.54077 3.54289 3.54772 3.55474 3.56329 3.57261 3.58186 3.59022 
3.59538 3.60026 3.60242 3.60157 3.5977 3.59113 3.58252 3.57275 3.56289 3.55399 3.54697 3.54251 3.54097 3.54242 3.54664 3.55316 3.56137 3.5705 3.57976 3.58831 
3.59376 3.59913 3.60191 3.60175 3.59857 3.59262 3.58447 3.57496 3.56512 3.556 3.54856 3.54352 3.54133 3.54211 3.5457 3.5517 3.55952 3.56844 3.57766 3.58636 
3.59207 3.5979 3.60127 3.60178 3.59929 3.59396 3.58631 3.57711 3.56734 3.55806 3.55024 3.54466 3.54183 3.54194 3.5449 3.55036 3.55776 3.56642 3.57556 3.58438 
3.59031 3.59656 3.60049 3.60165 3.59984 3.59517 3.58804 3.57919 3.56955 3.56016 3.55201 3.54593 3.54248 3.54193 3.54425 3.54914 3.5561 3.56447 3.57349 3.58237 
3.5885 3.59513 3.59958 3.60137 3.60024 3.59622 3.58966 3.5812 3.57173 3.56228 3.55385 3.5473 3.54326 3.54207 3.54374 3.54805 3.55454 3.56258 3.57145 3.58036 
3.58664 3.59361 3.59855 3.60095 3.60049 3.59713 3.59114 3.58311 3.57387 3.56442 3.55576 3.54878 3.54418 3.54235 3.54337 3.54709 3.55308 3.56077 3.56944 3.57833 
3.58475 3.59202 3.59742 3.60039 3.60058 3.59788 3.59249 3.58493 3.57596 3.56656 3.55771 3.55036 3.54522 3.54277 3.54315 3.54626 3.55174 3.55904 3.56748 3.57632 
3.58283 3.59035 3.59618 3.5997 3.60053 3.59849 3.59371 3.58664 3.57799 3.56868 3.55971 3.55202 3.54639 3.54333 3.54308 3.54558 3.55052 3.5574 3.56558 3.57431 
3.58089 3.58864 3.59484 3.59889 3.60033 3.59894 3.59479 3.58824 3.57995 3.57079 3.56174 3.55376 3.54766 3.54403 3.54315 3.54502 3.54941 3.55585 3.56373 3.57234 
3.57895 3.58687 3.59342 3.59796 3.59999 3.59925 3.59572 3.58972 3.58183 3.57286 3.56378 3.55556 3.54904 3.54486 3.54336 3.54461 3.54843 3.55441 3.56196 3.57039 
3.57701 3.58507 3.59192 3.59691 3.59951 3.5994 3.59652 3.59108 3.58361 3.57489 3.56584 3.55742 3.55052 3.54581 3.5437 3.54434 3.54758 3.55307 3.56026 3.56848 
3.57507 3.58323 3.59035 3.59577 3.59891 3.59942 3.59716 3.59231 3.5853 3.57686 3.56788 3.55932 3.55208 3.54688 3.54419 3.54421 3.54686 3.55184 3.55864 3.56663 
3.57316 3.58138 3.58873 3.59452 3.59818 3.59929 3.59767 3.5934 3.58689 3.57877 3.56991 3.56126 3.55372 3.54805 3.5448 3.54421 3.54628 3.55073 3.55711 3.56482 
3.57127 3.57951 3.58705 3.5932 3.59734 3.59903 3.59803 3.59436 3.58836 3.58061 3.57192 3.56322 3.55542 3.54934 3.54554 3.54436 3.54582 3.54974 3.55568 3.56309 
3.56942 3.57764 3.58533 3.59179 3.59639 3.59863 3.59824 3.59519 3.58972 3.58236 3.57388 3.56518 3.55718 3.55071 3.5464 3.54463 3.5455 3.54887 3.55435 3.56142 
3.56761 3.57577 3.58358 3.59031 3.59533 3.59811 3.59832 3.59587 3.59095 3.58403 3.5758 3.56715 3.55899 3.55218 3.54738 3.54504 3.54532 3.54812 3.55312 3.55983 
3.56586 3.57392 3.5818 3.58878 3.59418 3.59747 3.59826 3.59642 3.59207 3.58559 3.57766 3.56911 3.56084 3.55372 3.54847 3.54558 3.54527 3.5475 3.552 3.55832 
3.56416 3.5721 3.58001 3.58718 3.59294 3.59671 3.59807 3.59683 3.59305 3.58706 3.57946 3.57104 3.56271 3.55533 3.54966 3.54624 3.54535 3.54701 3.551 3.5569 
3.56252 3.5703 3.57822 3.58555 3.59162 3.59584 3.59775 3.5971 3.5939 3.58841 3.58118 3.57295 3.56459 3.557 3.55094 3.54702 3.54556 3.54664 3.55011 3.55558 
3.56096 3.56854 3.57642 3.58388 3.59023 3.59487 3.5973 3.59724 3.59462 3.58965 3.58281 3.57481 3.56648 3.55871 3.55231 3.54791 3.54589 3.54641 3.54934 3.55435 
3.55947 3.56683 3.57463 3.58218 3.58878 3.5938 3.59674 3.59724 3.59521 3.59077 3.58436 3.57662 3.56836 3.56047 3.55376 3.54891 3.54636 3.5463 3.54869 3.55323 
3.55807 3.56517 3.57287 3.58047 3.58727 3.59265 3.59606 3.59712 3.59566 3.59177 3.58581 3.57837 3.57023 3.56225 3.55528 3.55001 3.54694 3.54632 3.54816 3.55221 
3.55675 3.56357 3.57112 3.57874 3.58572 3.59142 3.59528 3.59687 3.59598 3.59265 3.58716 3.58005 3.57207 3.56406 3.55686 3.5512 3.54764 3.54647 3.54776 3.55131 
3.55553 3.56203 3.56941 3.57701 3.58413 3.59012 3.59439 3.5965 3.59618 3.5934 3.5884 3.58166 3.57388 3.56587 3.55848 3.55248 3.54845 3.54674 3.54748 3.55052 
3.55441 3.56057 3.56775 3.57529 3.58251 3.58875 3.59341 3.59601 3.59624 3.59402 3.58953 3.58319 3.57564 3.56768 3.56015 3.55384 3.54936 3.54714 3.54732 3.54984 
3.55339 3.55918 3.56613 3.57358 3.58087 3.58733 3.59234 3.5954 3.59618 3.59452 3.59054 3.58462 3.57735 3.56948 3.56186 3.55527 3.55038 3.54765 3.54729 3.54928 
3.55247 3.55788 3.56456 3.57189 3.57921 3.58585 3.59119 3.5947 3.59599 3.59489 3.59144 3.58596 3.57899 3.57126 3.56358 3.55676 3.55149 3.54827 3.54738 3.54884 
3.55166 3.55667 3.56306 3.57023 3.57755 3.58434 3.58997 3.59389 3.59569 3.59513 3.59222 3.5872 3.58057 3.57301 3.56532 3.5583 3.55268 3.549 3.54759 3.54852 
3.55096 3.55555 3.56162 3.56861 3.57589 3.58279 3.58868 3.59299 3.59527 3.59525 3.59287 3.58833 3.58207 3.57472 3.56706 3.55989 3.55395 3.54984 3.54792 3.54832 
3.55038 3.55452 3.56025 3.56703 3.57424 3.58122 3.58734 3.592 3.59474 3.59524 3.5934 3.58936 3.58349 3.57638 3.56879 3.56151 3.5553 3.55077 3.54836 3.54824 
3.5499 3.55359 3.55896 3.5655 3.57261 3.57963 3.58594 3.59093 3.59411 3.59512 3.59381 3.59027 3.58481 3.57799 3.57051 3.56316 3.5567 3.5518 3.54891 3.54827 
3.54955 3.55277 3.55776 3.56403 3.571 3.57804 3.5845 3.58979 3.59338 3.59488 3.5941 3.59107 3.58605 3.57953 3.5722 3.56482 3.55816 3.55291 3.54957 3.54843 
3.5493 3.55205 3.55664 3.56261 3.56942 3.57644 3.58303 3.58858 3.59255 3.59453 3.59427 3.59175 3.58718 3.58101 3.57386 3.56649 3.55967 3.5541 3.55033 3.54869 
3.54917 3.55144 3.55561 3.56127 3.56788 3.57485 3.58153 3.58731 3.59164 3.59407 3.59432 3.59231 3.58821 3.5824 3.57548 3.56815 3.56121 3.55536 3.55118 3.54907 
3.54916 3.55094 3.55468 3.56 3.56639 3.57327 3.58001 3.58599 3.59065 3.59351 3.59425 3.59276 3.58914 3.58372 3.57704 3.56981 3.56278 3.55668 3.55213 3.54955 
3.54926 3.55055 3.55384 3.5588 3.56495 3.57171 3.57848 3.58463 3.58958 3.59285 3.59407 3.59309 3.58995 3.58494 3.57855 3.57145 3.56437 3.55806 3.55316 3.55014 
3.54946 3.55026 3.55311 3.55769 3.56356 3.57018 3.57694 3.58323 3.58845 3.5921 3.59379 3.59331 3.59066 3.58607 3.58 3.57305 3.56597 3.55949 3.55427 3.55083 
3.54978 3.55009 3.55247 3.55666 3.56224 3.56869 3.57541 3.5818 3.58726 3.59126 3.59339 3.59341 3.59125 3.58711 3.58137 3.57462 3.56757 3.56096 3.55546 3.55161 
3.5502 3.55003 3.55195 3.55572 3.56099 3.56723 3.57389 3.58035 3.58601 3.59034 3.5929 3.59339 3.59174 3.58804 3.58267 3.57615 3.56917 3.56245 3.5567 3.55248 
3.55072 3.55008 3.55152 3.55488 3.5598 3.56582 3.57238 3.57888 3.58472 3.58935 3.59231 3.59327 3.5921 3.58888 3.58388 3.57762 3.57075 3.56397 3.558 3.55344 
3.55134 3.55023 3.5512 3.55413 3.5587 3.56446 3.5709 3.5774 3.58339 3.58829 3.59163 3.59305 3.59236 3.5896 3.58501 3.57904 3.5723 3.5655 3.55935 3.55448 
3.55205 3.55049 3.55099 3.55348 3.55767 3.56317 3.56944 3.57593 3.58203 3.58717 3.59086 3.59271 3.59251 3.59022 3.58605 3.58039 3.57383 3.56704 3.56075 3.55558 
3.55286 3.55085 3.55089 3.55293 3.55673 3.56193 3.56802 3.57446 3.58064 3.586 3.59001 3.59228 3.59255 3.59074 3.58699 3.58167 3.57531 3.56858 3.56217 3.55675 
3.55374 3.55131 3.55089 3.55247 3.55588 3.56076 3.56665 3.573 3.57923 3.58477 3.58909 3.59176 3.59248 3.59114 3.58784 3.58287 3.57675 3.5701 3.56362 3.55798 
3.5547 3.55186 3.55099 3.55212 3.55512 3.55966 3.56532 3.57156 3.57782 3.58351 3.5881 3.59115 3.59231 3.59144 3.58858 3.58399 3.57814 3.5716 3.56509 3.55925 
3.55573 3.55251 3.55119 3.55188 3.55445 3.55864 3.56404 3.57015 3.5764 3.58221 3.58705 3.59045 3.59203 3.59163 3.58922 3.58503 3.57946 3.57308 3.56656 3.56057 
3.55683 3.55324 3.5515 3.55173 3.55388 3.5577 3.56283 3.56877 3.57498 3.58089 3.58595 3.58967 3.59167 3.59171 3.58976 3.58598 3.58072 3.57452 3.56804 3.56193 
3.55798 3.55406 3.5519 3.55169 3.5534 3.55685 3.56168 3.56743 3.57357 3.57955 3.58479 3.58882 3.5912 3.59169 3.5902 3.58683 3.58191 3.57593 3.5695 3.56331 
3.55919 3.55495 3.55239 3.55174 3.55302 3.55608 3.56059 3.56613 3.57218 3.57819 3.5836 3.58789 3.59065 3.59157 3.59053 3.58759 3.58302 3.57728 3.57096 3.56471 
3.56044 3.55591 3.55297 3.5519 3.55274 3.55539 3.55958 3.56488 3.57081 3.57683 3.58237 3.58691 3.59002 3.59136 3.59076 3.58825 3.58405 3.57858 3.57239 3.56612 
3.56173 3.55694 3.55364 3.55215 3.55256 3.5548 3.55864 3.56369 3.56947 3.57546 3.58111 3.58587 3.5893 3.59104 3.59089 3.58881 3.585 3.57982 3.57379 3.56754 
3.56304 3.55802 3.55439 3.55249 3.55247 3.5543 3.55778 3.56255 3.56816 3.5741 3.57982 3.58479 3.58852 3.59064 3.59092 3.58928 3.58586 3.58099 3.57515 3.56895 
3.56438 3.55916 3.55522 3.55293 3.55248 3.5539 3.557 3.56148 3.5669 3.57276 3.57852 3.58365 3.58766 3.59015 3.59085 3.58964 3.58663 3.58209 3.57647 3.57036 
3.56573 3.56034 3.55611 3.55345 3.55259 3.55359 3.55631 3.56047 3.56567 3.57143 3.57721 3.58248 3.58675 3.58958 3.59068 3.58991 3.58731 3.58311 3.57774 3.57174 
3.56709 3.56156 3.55707 3.55405 3.55279 3.55337 3.5557 3.55954 3.5645 3.57013 3.5759 3.58128 3.58577 3.58893 3.59042 3.59008 3.58789 3.58406 3.57896 3.5731 
3.56845 3.56281 3.55809 3.55474 3.55308 3.55325 3.55518 3.55868 3.56338 3.56886 3.57459 3.58006 3.58475 3.5882 3.59007 3.59015 3.58838 3.58493 3.58011 3.57442 
3.5698 3.56409 3.55916 3.5555 3.55346 3.55322 3.55475 3.55789 3.56232 3.56762 3.57329 3.57882 3.58368 3.58741 3.58964 3.59012 3.58878 3.58571 3.5812 3.57571 
3.57114 3.56538 3.56027 3.55633 3.55393 3.55328 3.55441 3.55719 3.56133 3.56643 3.57201 3.57756 3.58257 3.58656 3.58913 3.59001 3.58908 3.5864 3.58222 3.57695 
3.57245 3.56668 3.56143 3.55722 3.55448 3.55343 3.55416 3.55657 3.5604 3.56528 3.57075 3.5763 3.58143 3.58565 3.58854 3.5898 3.58928 3.587 3.58316 3.57814 
3.57374 3.56799 3.56262 3.55818 3.5551 3.55367 3.55401 3.55603 3.55954 3.56418 3.56951 3.57504 3.58026 3.58468 3.58787 3.58951 3.58939 3.58751 3.58403 3.57928 
3.57499 3.56929 3.56383 3.55918 3.5558 3.554 3.55394 3.55558 3.55875 3.56313 3.5683 3.57379 3.57908 3.58368 3.58714 3.58913 3.58941 3.58793 3.58481 3.58035 
3.5762 3.57058 3.56507 3.56024 3.55657 3.55441 3.55396 3.55522 3.55804 3.56215 3.56714 3.57255 3.57787 3.58263 3.58635 3.58867 3.58934 3.58826 3.58552 3.58136 
3.57737 3.57185 3.56632 3.56133 3.5574 3.55491 3.55407 3.55494 3.55741 3.56123 3.56601 3.57132 3.57666 3.58154 3.5855 3.58814 3.58918 3.5885 3.58613 3.5823 
3.57848 3.5731 3.56757 3.56246 3.55829 3.55547 3.55426 3.55475 3.55686 3.56037 3.56493 3.57012 3.57545 3.58043 3.58459 3.58753 3.58894 3.58865 3.58667 3.58316 
3.57954 3.57432 3.56882 3.56362 3.55924 3.55612 3.55454 3.55465 3.55639 3.55958 3.5639 3.56895 3.57424 3.5793 3.58365 3.58686 3.58861 3.58871 3.58711 3.58395 
3.58054 3.5755 3.57006 3.56479 3.56023 3.55682 3.5549 3.55463 3.556 3.55887 3.56293 3.56781 3.57304 3.57815 3.58265 3.58612 3.5882 3.58868 3.58747 3.58467 
3.58147 3.57664 3.57129 3.56599 3.56126 3.5576 3.55534 3.5547 3.5557 3.55823 3.56202 3.56671 3.57186 3.57699 3.58163 3.58533 3.58772 3.58856 3.58774 3.5853 
3.58233 3.57773 3.5725 3.56719 3.56233 3.55843 3.55586 3.55485 3.55548 3.55766 3.56117 3.56565 3.57069 3.57583 3.58057 3.58448 3.58717 3.58837 3.58792 3.58584 
3.58313 3.57877 3.57369 3.56839 3.56343 3.55931 3.55644 3.55508 3.55535 3.55718 3.56038 3.56464 3.56955 3.57466 3.57949 3.58359 3.58656 3.58809 3.58801 3.58631 
3.58384 3.57976 3.57484 3.56959 3.56455 3.56025 3.5571 3.5554 3.55529 3.55677 3.55966 3.56368 3.56844 3.57351 3.5784 3.58266 3.58588 3.58773 3.58802 3.58669 
3.58448 3.58068 3.57595 3.57078 3.56569 3.56122 3.55781 3.55579 3.55532 3.55644 3.55901 3.56278 3.56737 3.57236 3.57728 3.58169 3.58514 3.58731 3.58795 3.58699 
3.58505 3.58154 3.57702 3.57195 3.56684 3.56224 3.55859 3.55625 3.55543 3.5562 3.55844 3.56193 3.56633 3.57123 3.57617 3.58068 3.58435 3.58681 3.5878 3.5872 
3.58553 3.58233 3.57804 3.57309 3.568 3.56328 3.55941 3.55678 3.55562 3.55603 3.55794 3.56115 3.56534 3.57012 3.57505 3.57966 3.58351 3.58624 3.58757 3.58733 
3.58593 3.58305 3.57901 3.57421 3.56915 3.56435 3.56029 3.55738 3.55589 3.55594 3.55751 3.56043 3.5644 3.56904 3.57393 3.57861 3.58263 3.58562 3.58726 3.58738 
3.58626 3.5837 3.57992 3.5753 3.5703 3.56543 3.56121 3.55804 3.55623 3.55594 3.55717 3.55978 3.5635 3.56799 3.57282 3.57754 3.58172 3.58493 3.58688 3.58734 
3.5865 3.58428 3.58078 3.57634 3.57143 3.56654 3.56217 3.55876 3.55665 3.55601 3.5569 3.55919 3.56266 3.56698 3.57173 3.57647 3.58077 3.5842 3.58643 3.58723 
3.58666 3.58478 3.58157 3.57734 3.57254 3.56764 3.56316 3.55953 3.55713 3.55616 3.5567 3.55868 3.56188 3.56601 3.57066 3.5754 3.57979 3.58341 3.58592 3.58704 
3.58674 3.5852 3.58229 3.5783 3.57363 3.56875 3.56417 3.56036 3.55768 3.55638 3.55659 3.55824 3.56116 3.56508 3.5696 3.57432 3.57879 3.58259 3.58534 3.58678 
3.58674 3.58554 3.58295 3.5792 3.57468 3.56985 3.56521 3.56122 3.55828 3.55668 3.55655 3.55787 3.56051 3.5642 3.56858 3.57325 3.57777 3.58172 3.58471 3.58645 
3.58667 3.58581 3.58353 3.58005 3.5757 3.57095 3.56626 3.56212 3.55895 3.55705 3.55658 3.55758 3.55992 3.56337 3.56759 3.5722 3.57675 3.58082 3.58403 3.58605 
3.58652 3.586 3.58404 3.58083 3.57669 3.57202 3.56732 3.56306 3.55967 3.55748 3.55669 3.55736 3.55939 3.56259 3.56664 3.57115 3.57571 3.57989 3.5833 3.58559 
3.5863 3.58611 3.58448 3.58156 3.57762 3.57308 3.56838 3.56403 3.56044 3.55798 3.55688 3.55721 3.55894 3.56187 3.56573 3.57013 3.57468 3.57894 3.58252 3.58506 
3.58602 3.58615 3.58485 3.58222 3.57851 3.57411 3.56945 3.56501 3.56125 3.55854 3.55713 3.55714 3.55856 3.56122 3.56486 3.56914 3.57365 3.57797 3.5817 3.58448 
3.58566 3.58611 3.58514 3.58281 3.57935 3.5751 3.5705 3.56602 3.56211 3.55916 3.55745 3.55715 3.55824 3.56062 3.56404 3.56817 3.57263 3.57699 3.58085 3.58384 
3.58524 3.58601 3.58535 3.58333 3.58013 3.57606 3.57154 3.56703 3.56299 3.55983 3.55784 3.55722 3.558 3.56009 3.56327 3.56724 3.57162 3.576 3.57997 3.58316 
3.58476 3.58583 3.5855 3.58379 3.58085 3.57698 3.57256 3.56805 3.56391 3.56055 3.5583 3.55737 3.55783 3.55962 3.56255 3.56634 3.57063 3.57501 3.57907 3.58243 
3.58423 3.58558 3.58557 3.58417 3.58151 3.57786 3.57356 3.56907 3.56485 3.56131 3.55881 3.55758 3.55773 3.55922 3.5619 3.56549 3.56966 3.57401 3.57815 3.58167 
3.58364 3.58527 3.58556 3.58448 3.58211 3.57868 3.57453 3.57009 3.5658 3.56211 3.55938 3.55786 3.5577 3.55889 3.5613 3.56468 3.56872 3.57303 3.57721 3.58086 
3.58301 3.58489 3.58549 3.58472 3.58265 3.57946 3.57547 3.57109 3.56677 3.56295 3.56 3.55821 3.55774 3.55863 3.56076 3.56392 3.56781 3.57205 3.57626 3.58003 
3.58233 3.58446 3.58535 3.58489 3.58311 3.58018 3.57637 3.57209 3.56775 3.56381 3.56067 3.55862 3.55786 3.55843 3.56028 3.56321 3.56693 3.57109 3.5753 3.57917 
3.58161 3.58397 3.58514 3.58499 3.58351 3.58084 3.57723 3.57306 3.56873 3.56471 3.56138 3.55909 3.55803 3.55831 3.55987 3.56255 3.56609 3.57015 3.57435 3.57829 
3.58085 3.58343 3.58487 3.58502 3.58384 3.58144 3.57805 3.574 3.56971 3.56562 3.56214 3.55961 3.55828 3.55825 3.55952 3.56195 3.56529 3.56923 3.5734 3.5774 
3.58006 3.58284 3.58454 3.58498 3.5841 3.58198 3.57881 3.57492 3.57068 3.56654 3.56292 3.56018 3.55858 3.55826 3.55924 3.56141 3.56454 3.56834 3.57245 3.57649 
3.57925 3.58221 3.58415 3.58487 3.5843 3.58246 3.57953 3.5758 3.57164 3.56748 3.56375 3.56081 3.55895 3.55834 3.55902 3.56092 3.56384 3.56748 3.57152 3.57557 
3.57841 3.58153 3.5837 3.5847 3.58442 3.58287 3.58019 3.57664 3.57258 3.56842 3.56459 3.56147 3.55937 3.55848 3.55888 3.5605 3.56318 3.56666 3.57061 3.57465 
3.57756 3.58082 3.58321 3.58447 3.58448 3.58322 3.58079 3.57744 3.5735 3.56936 3.56546 3.56218 3.55985 3.55869 3.55879 3.56014 3.56258 3.56588 3.56972 3.57374 
3.57669 3.58008 3.58266 3.58418 3.58448 3.5835 3.58134 3.5782 3.57439 3.5703 3.56634 3.56292 3.56038 3.55895 3.55877 3.55984 3.56203 3.56513 3.56885 3.57283 
3.57581 3.57931 3.58207 3.58383 3.5844 3.58372 3.58183 3.57891 3.57525 3.57122 3.56724 3.5637 3.56096 3.55928 3.55882 3.5596 3.56154 3.56444 3.56801 3.57193 
3.57493 3.57851 3.58144 3.58343 3.58427 3.58387 3.58225 3.57957 3.57608 3.57214 3.56814 3.5645 3.56158 3.55966 3.55893 3.55943 3.56111 3.56379 3.5672 3.57104 
3.57405 3.5777 3.58077 3.58297 3.58407 3.58395 3.58261 3.58017 3.57687 3.57303 3.56904 3.56533 3.56224 3.5601 3.5591 3.55932 3.56073 3.56318 3.56643 3.57017 
3.57317 3.57687 3.58007 3.58247 3.58382 3.58398 3.58291 3.58072 3.57761 3.5739 3.56995 3.56617 3.56294 3.56059 3.55933 3.55928 3.56042 3.56263 3.5657 3.56933 
3.5723 3.57603 3.57934 3.58192 3.58351 3.58393 3.58315 3.58122 3.57832 3.57474 3.57084 3.56702 3.56367 3.56112 3.55962 3.55929 3.56016 3.56214 3.56501 3.56851 
3.57144 3.57518 3.57859 3.58133 3.58314 3.58383 3.58332 3.58165 3.57897 3.57554 3.57172 3.56789 3.56443 3.5617 3.55996 3.55937 3.55997 3.5617 3.56436 3.56772 
3.5706 3.57434 3.57781 3.5807 3.58273 3.58367 3.58343 3.58203 3.57957 3.57632 3.57259 3.56876 3.56522 3.56232 3.56036 3.55951 3.55984 3.56131 3.56376 3.56696 
3.56978 3.57349 3.57702 3.58005 3.58226 3.58345 3.58348 3.58234 3.58013 3.57705 3.57343 3.56962 3.56602 3.56298 3.56081 3.55971 3.55977 3.56098 3.56321 3.56624 
3.56898 3.57265 3.57622 3.57936 3.58176 3.58318 3.58347 3.5826 3.58063 3.57775 3.57425 3.57048 3.56683 3.56367 3.5613 3.55996 3.55976 3.56071 3.56271 3.56556 
3.56821 3.57182 3.57541 3.57864 3.58121 3.58285 3.5834 3.58279 3.58107 3.5784 3.57504 3.57134 3.56766 3.56439 3.56184 3.56027 3.55981 3.5605 3.56227 3.56492 
3.56747 3.571 3.57459 3.57791 3.58062 3.58247 3.58327 3.58292 3.58146 3.579 3.5758 3.57217 3.56849 3.56513 3.56242 3.56062 3.55992 3.56035 3.56187 3.56432 
3.56676 3.5702 3.57378 3.57715 3.58 3.58205 3.58308 3.583 3.58178 3.57955 3.57652 3.57299 3.56933 3.56589 3.56303 3.56103 3.56008 3.56026 3.56153 3.56377 
3.56609 3.56942 3.57297 3.57639 3.57935 3.58158 3.58285 3.58301 3.58206 3.58006 3.57721 3.57379 3.57016 3.56667 3.56368 3.56149 3.5603 3.56022 3.56125 3.56327 
3.56545 3.56867 3.57217 3.57561 3.57868 3.58107 3.58255 3.58297 3.58227 3.58051 3.57785 3.57456 3.57098 3.56746 3.56436 3.56199 3.56057 3.56024 3.56102 3.56282 
3.56486 3.56794 3.57138 3.57483 3.57798 3.58053 3.58221 3.58287 3.58242 3.5809 3.57845 3.57531 3.57179 3.56826 3.56506 3.56253 3.5609 3.56032 3.56085 3.56242 
3.56431 3.56725 3.5706 3.57405 3.57726 3.57994 3.58183 3.58272 3.58252 3.58124 3.579 3.57602 3.57259 3.56906 3.56578 3.5631 3.56127 3.56046 3.56074 3.56207 
3.56381 3.56659 3.56984 3.57327 3.57653 3.57933 3.5814 3.58251 3.58256 3.58153 3.57951 3.57669 3.57336 3.56985 3.56653 3.56371 3.56169 3.56064 3.56068 3.56177 
3.56335 3.56596 3.56911 3.57249 3.57579 3.5787 3.58092 3.58225 3.58255 3.58176 3.57996 3.57733 3.57411 3.57065 3.56728 3.56435 3.56215 3.56088 3.56067 3.56153 
3.56294 3.56537 3.5684 3.57172 3.57504 3.57803 3.58041 3.58195 3.58248 3.58193 3.58037 3.57792 3.57484 3.57143 3.56804 3.56501 3.56265 3.56117 3.56073 3.56134 
3.56258 3.56483 3.56771 3.57097 3.57429 3.57735 3.57987 3.5816 3.58235 3.58205 3.58072 3.57847 3.57554 3.5722 3.56881 3.5657 3.56318 3.56151 3.56083 3.5612 
3.56228 3.56432 3.56706 3.57023 3.57354 3.57666 3.5793 3.5812 3.58218 3.58212 3.58102 3.57898 3.5762 3.57296 3.56958 3.5664 3.56376 3.56189 3.56099 3.56112 
3.56202 3.56386 3.56645 3.56952 3.57279 3.57595 3.5787 3.58077 3.58195 3.58213 3.58126 3.57944 3.57683 3.57369 3.57034 3.56712 3.56436 3.56232 3.5612 3.5611 
3.56181 3.56345 3.56586 3.56882 3.57205 3.57523 3.57807 3.58029 3.58168 3.58208 3.58145 3.57985 3.57742 3.5744 3.5711 3.56785 3.56498 3.56278 3.56145 3.56112 
3.56166 3.56308 3.56532 3.56816 3.57132 3.57451 3.57742 3.57979 3.58136 3.58199 3.58159 3.58021 3.57797 3.57508 3.57185 3.56859 3.56563 3.56328 3.56176 3.5612 
3.56156 3.56277 3.56482 3.56752 3.5706 3.57379 3.57676 3.57925 3.581 3.58184 3.58168 3.58052 3.57847 3.57573 3.57258 3.56933 3.5663 3.56382 3.5621 3.56133 
3.56151 3.5625 3.56436 3.56691 3.56991 3.57306 3.57609 3.57868 3.5806 3.58164 3.58171 3.58078 3.57893 3.57635 3.57329 3.57006 3.56699 3.56438 3.56249 3.56151 
3.56152 3.56228 3.56394 3.56633 3.56923 3.57235 3.5754 3.57809 3.58016 3.5814 3.58169 3.58099 3.57935 3.57693 3.57398 3.57079 3.56768 3.56497 3.56292 3.56173 
3.56157 3.56211 3.56357 3.5658 3.56858 3.57164 3.57471 3.57748 3.57969 3.58112 3.58162 3.58114 3.57972 3.57748 3.57465 3.57151 3.56839 3.56559 3.56339 3.56201 
3.56167 3.56199 3.56324 3.56529 3.56795 3.57095 3.57401 3.57685 3.57918 3.58079 3.5815 3.58125 3.58004 3.57798 3.57529 3.57222 3.5691 3.56622 3.56389 3.56232 
3.56182 3.56192 3.56296 3.56483 3.56735 3.57027 3.57332 3.5762 3.57865 3.58042 3.58134 3.5813 3.58031 3.57845 3.5759 3.57292 3.5698 3.56687 3.56442 3.56268 
3.56202 3.5619 3.56273 3.56441 3.56678 3.56961 3.57263 3.57555 3.57809 3.58002 3.58113 3.58131 3.58053 3.57887 3.57647 3.57359 3.57051 3.56754 3.56498 3.56307 
3.56226 3.56193 3.56255 3.56404 3.56625 3.56897 3.57194 3.57489 3.57751 3.57958 3.58087 3.58126 3.5807 3.57924 3.57701 3.57424 3.57121 3.56821 3.56556 3.56351 
3.56255 3.56201 3.56241 3.5637 3.56575 3.56836 3.57127 3.57422 3.57692 3.57911 3.58057 3.58117 3.58083 3.57957 3.57752 3.57487 3.57189 3.56889 3.56616 3.56397 
3.56287 3.56214 3.56233 3.56342 3.56529 3.56777 3.57061 3.57355 3.5763 3.57861 3.58024 3.58103 3.5809 3.57985 3.57798 3.57547 3.57257 3.56957 3.56678 3.56447 
3.56324 3.56231 3.56229 3.56317 3.56487 3.56721 3.56997 3.57289 3.57568 3.57808 3.57986 3.58085 3.58093 3.58009 3.5784 3.57603 3.57322 3.57025 3.56741 3.56499 
3.56364 3.56252 3.5623 3.56298 3.56449 3.56668 3.56935 3.57223 3.57504 3.57753 3.57946 3.58062 3.5809 3.58027 3.57878 3.57657 3.57386 3.57092 3.56805 3.56554 
3.56407 3.56277 3.56235 3.56283 3.56415 3.56619 3.56875 3.57157 3.5744 3.57697 3.57902 3.58035 3.58084 3.58041 3.57911 3.57707 3.57447 3.57159 3.5687 3.56611 
3.56453 3.56307 3.56245 3.56272 3.56385 3.56573 3.56817 3.57093 3.57376 3.57639 3.57855 3.58005 3.58072 3.5805 3.57941 3.57753 3.57506 3.57224 3.56936 3.5667 
3.56502 3.5634 3.56259 3.56266 3.5636 3.56531 3.56762 3.57031 3.57312 3.57579 3.57806 3.5797 3.58057 3.58055 3.57965 3.57795 3.57562 3.57288 3.57001 3.5673 
3.56554 3.56377 3.56278 3.56265 3.56339 3.56493 3.5671 3.5697 3.57248 3.57518 3.57754 3.57933 3.58037 3.58055 3.57985 3.57833 3.57614 3.5735 3.57066 3.56791 
3.56608 3.56417 3.56301 3.56268 3.56323 3.56458 3.56661 3.56911 3.57185 3.57457 3.577 3.57892 3.58013 3.58051 3.58001 3.57868 3.57664 3.57409 3.5713 3.56854 
3.56664 3.56461 3.56327 3.56276 3.56311 3.56428 3.56615 3.56855 3.57123 3.57396 3.57645 3.57848 3.57985 3.58042 3.58012 3.57897 3.5771 3.57467 3.57193 3.56916 
3.56721 3.56507 3.56358 3.56288 3.56303 3.56402 3.56573 3.56801 3.57063 3.57334 3.57588 3.57802 3.57954 3.58028 3.58018 3.57923 3.57752 3.57522 3.57255 3.56979 
3.56779 3.56555 3.56392 3.56304 3.563 3.5638 3.56535 3.5675 3.57004 3.57272 3.57531 3.57753 3.57919 3.58011 3.5802 3.57944 3.57791 3.57574 3.57315 3.57041 
3.56839 3.56606 3.56429 3.56324 3.56301 3.56362 3.565 3.56701 3.56946 3.57212 3.57472 3.57703 3.57881 3.5799 3.58018 3.57961 3.57825 3.57623 3.57374 3.57103 
3.56899 3.56659 3.56469 3.56348 3.56307 3.56349 3.56469 3.56656 3.56891 3.57151 3.57413 3.5765 3.5784 3.57965 3.58011 3.57974 3.57856 3.57668 3.5743 3.57165 
3.56959 3.56713 3.56512 3.56376 3.56317 3.5634 3.56442 3.56614 3.56838 3.57093 3.57354 3.57596 3.57797 3.57936 3.58 3.57982 3.57882 3.57711 3.57484 3.57225 
3.57019 3.56769 3.56558 3.56407 3.5633 3.56335 3.56419 3.56575 3.56787 3.57035 3.57294 3.57541 3.57751 3.57905 3.57986 3.57986 3.57904 3.57749 3.57535 3.57283 
3.57079 3.56826 3.56606 3.56441 3.56348 3.56334 3.56401 3.5654 3.5674 3.56979 3.57236 3.57485 3.57703 3.5787 3.57967 3.57985 3.57923 3.57784 3.57583 3.5734 
3.57138 3.56883 3.56656 3.56479 3.56369 3.56338 3.56386 3.56509 3.56695 3.56925 3.57178 3.57429 3.57654 3.57832 3.57944 3.57981 3.57937 3.57815 3.57629 3.57395 
3.57196 3.56941 3.56707 3.56519 3.56394 3.56345 3.56375 3.56482 3.56653 3.56873 3.5712 3.57372 3.57603 3.57791 3.57919 3.57972 3.57946 3.57843 3.57671 3.57448 
3.57253 3.56999 3.5676 3.56562 3.56423 3.56356 3.56369 3.56458 3.56615 3.56823 3.57065 3.57315 3.5755 3.57748 3.57889 3.5796 3.57952 3.57866 3.57709 3.57498 
3.57308 3.57056 3.56814 3.56607 3.56454 3.56372 3.56366 3.56438 3.56579 3.56776 3.5701 3.57258 3.57497 3.57703 3.57857 3.57943 3.57953 3.57885 3.57745 3.57546 
3.57362 3.57113 3.56869 3.56654 3.56489 3.56391 3.56368 3.56422 3.56548 3.56732 3.56957 3.57202 3.57442 3.57656 3.57822 3.57924 3.57951 3.579 3.57776 3.57591 
3.57414 3.5717 3.56924 3.56703 3.56527 3.56413 3.56373 3.5641 3.5652 3.5669 3.56906 3.57147 3.57388 3.57607 3.57784 3.579 3.57944 3.57911 3.57804 3.57633 
3.57463 3.57225 3.5698 3.56753 3.56567 3.56439 3.56383 3.56402 3.56495 3.56652 3.56858 3.57092 3.57333 3.57558 3.57744 3.57874 3.57934 3.57919 3.57828 3.57671 
3.5751 3.57279 3.57035 3.56804 3.56609 3.56468 3.56396 3.56398 3.56474 3.56617 3.56811 3.57039 3.57279 3.57507 3.57701 3.57844 3.5792 3.57922 3.57848 3.57707 
3.57555 3.57331 3.5709 3.56857 3.56653 3.565 3.56412 3.56398 3.56457 3.56585 3.56768 3.56988 3.57224 3.57455 3.57657 3.57811 3.57902 3.57921 3.57865 3.57738 
3.57596 3.57382 3.57145 3.5691 3.56699 3.56535 3.56432 3.56401 3.56444 3.56556 3.56726 3.56938 3.57171 3.57403 3.57611 3.57776 3.57882 3.57917 3.57877 3.57767 
3.57635 3.5743 3.57198 3.56963 3.56747 3.56572 3.56456 3.56409 3.56435 3.56531 3.56688 3.5689 3.57118 3.5735 3.57564 3.57738 3.57857 3.57908 3.57886 3.57792 
3.5767 3.57476 3.57251 3.57016 3.56796 3.56612 3.56482 3.5642 3.56429 3.5651 3.56653 3.56845 3.57067 3.57297 3.57515 3.57699 3.5783 3.57896 3.57891 3.57813 
3.57702 3.5752 3.57302 3.57069 3.56846 3.56654 3.56512 3.56434 3.56427 3.56492 3.56621 3.56801 3.57016 3.57245 3.57466 3.57657 3.578 3.57881 3.57892 3.5783 
3.57731 3.57561 3.57351 3.57122 3.56897 3.56697 3.56544 3.56452 3.56429 3.56477 3.56592 3.56761 3.56968 3.57193 3.57416 3.57613 3.57767 3.57862 3.57889 3.57844 
3.57756 3.57599 3.57399 3.57174 3.56948 3.56743 3.56579 3.56473 3.56435 3.56467 3.56566 3.56723 3.56921 3.57142 3.57365 3.57568 3.57732 3.57841 3.57883 3.57854 
3.57778 3.57635 3.57444 3.57225 3.56999 3.56789 3.56616 3.56497 3.56444 3.5646 3.56544 3.56688 3.56876 3.57092 3.57315 3.57522 3.57695 3.57816 3.57873 3.5786 
3.57796 3.57667 3.57487 3.57274 3.5705 3.56837 3.56656 3.56524 3.56456 3.56456 3.56525 3.56655 3.56834 3.57044 3.57264 3.57475 3.57656 3.57788 3.5786 3.57863 
3.57811 3.57696 3.57528 3.57322 3.57101 3.56885 3.56697 3.56554 3.56472 3.56457 3.5651 3.56626 3.56794 3.56996 3.57214 3.57427 3.57614 3.57758 3.57843 3.57862 
3.57822 3.57722 3.57566 3.57369 3.57151 3.56934 3.56739 3.56587 3.56491 3.5646 3.56498 3.566 3.56756 3.5695 3.57165 3.57379 3.57572 3.57725 3.57824 3.57857 
3.5783 3.57744 3.57601 3.57413 3.572 3.56983 3.56783 3.56621 3.56513 3.56467 3.5649 3.56577 3.56721 3.56906 3.57116 3.5733 3.57528 3.5769 3.57801 3.57849 
3.57834 3.57764 3.57633 3.57456 3.57248 3.57032 3.56829 3.56658 3.56537 3.56478 3.56485 3.56558 3.56689 3.56865 3.57069 3.57282 3.57483 3.57653 3.57776 3.57838 
3.57835 3.57779 3.57663 3.57496 3.57295 3.57081 3.56875 3.56697 3.56565 3.56492 3.56484 3.56542 3.56659 3.56825 3.57023 3.57234 3.57437 3.57615 3.57748 3.57824 
3.57832 3.57792 3.57689 3.57533 3.5734 3.57129 3.56922 3.56737 3.56595 3.56508 3.56486 3.56529 3.56633 3.56788 3.56978 3.57186 3.57391 3.57574 3.57717 3.57806 
