6.5 6.4689 6.37638 6.22473 6.01774 5.76055 5.45955 5.12225 4.75702 4.37296 3.97962 3.58679 3.20424 2.84148 2.50755 2.21075 1.95847 1.75697 1.61128 1.52502 
4.25117 6.47918 6.41137 6.2823 6.09462 5.85262 5.56217 5.23055 4.8663 4.47896 4.07878 3.67644 3.28267 2.90792 2.56207 2.25409 1.9918 1.78163 1.62853 1.73636 
3.56258 5.47283 6.43645 6.3313 6.16488 5.94038 5.66284 5.3391 4.97764 4.58832 4.18207 3.77047 3.3653 2.9781 2.61971 2.29989 2.02697 1.80763 1.65479 1.82105 
3.1764 4.77274 6.00077 6.37101 6.22753 6.02271 5.76052 5.44706 5.09047 4.70077 4.28946 3.86901 3.45237 3.05228 2.68072 2.34836 2.06416 1.83541 1.68361 1.86506 
2.92403 4.27544 5.49965 6.20101 6.28166 6.09854 5.85412 5.55347 5.2041 4.81593 4.40083 3.97219 3.54413 3.13077 2.74538 2.39972 2.10354 1.86509 1.71316 1.88895 
2.74503 3.9044 5.05227 5.90067 6.23899 6.16681 5.94249 5.65726 5.3177 4.93324 4.51598 4.08005 3.64081 3.21385 2.81398 2.45424 2.14531 1.89673 1.74279 1.90239 
2.61124 3.61725 4.67297 5.56315 6.08884 6.1889 6.02447 5.75728 5.43026 5.05205 4.63457 4.19256 3.74258 3.30184 2.88686 2.51219 2.18971 1.93038 1.77236 1.91055 
2.50761 3.38878 4.35389 5.23489 5.86905 6.13907 6.08308 5.8523 5.54067 5.17148 4.75613 4.30961 3.84961 3.39504 2.96435 2.5739 2.23696 1.96615 1.80198 1.91639 
2.42535 3.20303 4.08439 4.9329 5.61872 6.02101 6.09764 5.9346 5.64772 5.29055 4.87999 4.43094 3.96198 3.49374 3.04682 2.63969 2.28735 2.00415 1.83189 1.92163 
2.35896 3.04943 3.85508 4.66128 5.3633 5.85454 6.05843 5.99091 5.74751 5.40808 5.00534 4.55616 4.07968 3.5982 3.13466 2.70995 2.34117 2.04455 1.86238 1.92732 
2.30485 2.9207 3.6584 4.4191 5.11639 5.66087 5.96931 6.00948 5.83226 5.5218 5.13115 4.68468 4.20259 3.70865 3.22824 2.78509 2.39874 2.08755 1.89378 1.9341 
2.26056 2.81167 3.4884 4.20365 4.88431 5.45619 5.84194 5.98547 5.89238 5.62716 5.25586 4.81571 4.33043 3.82521 3.32796 2.86553 2.46045 2.1334 1.92641 1.94241 
2.22436 2.71857 3.34043 4.01184 4.66939 5.25111 5.6895 5.92157 5.92021 5.71742 5.37669 4.94815 4.46273 3.94792 3.43416 2.95176 2.5267 2.18241 1.96061 1.95256 
2.19499 2.6386 3.21086 3.84069 4.4719 5.0519 5.52326 5.82518 5.91264 5.78532 5.4892 5.08016 4.59875 4.07668 3.54716 3.04424 2.59796 2.23491 1.99672 1.96478 
2.17155 2.56963 3.0968 3.68754 4.29107 4.86197 5.35158 5.70519 5.87127 5.8252 5.58761 5.20886 4.73733 4.21118 3.66719 3.14348 2.67473 2.29131 2.03512 1.97927 
2.15336 2.51002 2.99595 3.55009 4.12574 4.68291 5.18018 5.5699 5.80101 5.83452 5.66603 5.33009 4.87661 4.35079 3.79434 3.24994 2.75756 2.35205 2.07617 1.99623 
2.13993 2.45851 2.90649 3.42636 3.97459 4.51526 5.01272 5.42606 5.70817 5.81403 5.71977 5.43878 5.01377 4.49445 3.92855 3.36408 2.84704 2.41766 2.12031 2.01584 
2.13092 2.4141 2.82691 3.31468 3.83628 4.35891 4.85142 5.27875 5.59911 5.76702 5.74643 5.52979 5.14494 4.64041 4.06941 3.48625 2.94378 2.4887 2.16797 2.03835 
2.12607 2.376 2.75601 3.21364 3.70959 4.21343 4.69748 5.13159 5.47939 5.69813 5.74606 5.59892 5.26555 4.78602 4.21608 3.61664 3.04842 2.56582 2.21968 2.06399 
2.12525 2.34361 2.69279 3.12204 3.59339 4.07818 4.55147 4.98704 5.35352 5.61234 5.7208 5.64362 5.37086 4.92775 4.36708 3.7552 3.16156 2.64971 2.27598 2.09308 
2.12838 2.31644 2.63645 3.03885 3.48666 3.95251 4.41353 4.8467 5.22495 5.51431 5.67406 5.66336 5.45681 5.06132 4.5201 3.90145 3.28371 2.74115 2.3375 2.12595 
2.1355 2.29415 2.58632 2.96323 3.3885 3.8357 4.28354 4.71153 5.09621 5.40806 5.60981 5.65934 5.52061 5.18225 4.67193 4.05435 3.4152 2.84091 2.40497 2.16302 
2.14669 2.27645 2.54186 2.89443 3.29811 3.72709 4.16125 4.58208 4.96913 5.29683 5.53203 5.63404 5.56111 5.28641 4.81863 4.21207 3.55604 2.94979 2.47915 2.20476 
2.16212 2.26318 2.50263 2.83185 3.2148 3.62604 4.04629 4.4586 4.84494 5.18319 5.44428 5.59062 5.5787 5.37063 4.95582 4.37189 3.70579 3.06849 2.56092 2.25175 
2.18204 2.25425 2.46828 2.77496 3.13797 3.53196 3.93828 4.34113 4.72447 5.06906 5.34965 5.53246 5.57505 5.43311 5.07923 4.53027 3.86328 3.19754 2.6512 2.30465 
2.2068 2.24963 2.43854 2.72332 3.06707 3.44432 3.83679 4.22959 4.60821 4.95586 5.25066 5.46278 5.55261 5.47345 5.18524 4.68304 4.02652 3.33715 2.75095 2.36422 
2.23683 2.24939 2.41321 2.67657 3.00164 3.36264 3.74144 4.1238 4.49647 4.84463 5.14931 5.38449 5.51424 5.49251 5.27131 4.8258 4.19263 3.48699 2.86108 2.43132 
2.27269 2.25367 2.39216 2.6344 2.94128 3.28647 3.65182 4.02355 4.38936 4.73606 5.04716 5.30006 5.46285 5.49207 5.33616 4.95444 4.35785 3.64602 2.98237 2.50693 
2.31504 2.2627 2.37534 2.59658 2.88565 3.21543 3.56758 3.92859 4.2869 4.63064 4.94538 5.21155 5.40117 5.47448 5.37979 5.0656 4.51788 3.81233 3.11527 2.59209 
2.36467 2.27682 2.36275 2.56292 2.83445 3.14917 3.48837 3.83866 4.18903 4.52867 4.84485 5.12063 5.33164 5.44232 5.40325 5.15703 4.66827 3.98302 3.25977 2.68785 
2.42251 2.29646 2.35447 2.53329 2.78744 3.08738 3.41387 3.7535 4.09564 4.43031 4.74621 5.02859 5.25636 5.39817 5.40831 5.22772 4.80489 4.15436 3.41516 2.79519 
2.48958 2.32218 2.35067 2.50762 2.74441 3.0298 3.34381 3.67286 4.00659 4.33566 4.64991 4.93647 5.17709 5.34441 5.39718 5.27779 4.92443 4.32196 3.57983 2.91486 
2.56698 2.35465 2.35158 2.4859 2.7052 2.97618 3.27791 3.59651 3.92172 4.2447 4.55625 4.84504 5.09526 5.28318 5.37224 5.30832 5.02465 4.48127 3.75118 3.04723 
2.65581 2.39471 2.35755 2.46816 2.6697 2.92634 3.21595 3.5242 3.84086 4.15742 4.46544 4.75488 5.01201 5.21633 5.3358 5.32099 5.1045 4.628 3.92568 3.19206 
2.75704 2.44329 2.36902 2.45452 2.63783 2.8801 3.15771 3.45574 3.76383 4.07372 4.37758 4.66642 4.92827 5.14543 5.29004 5.31789 5.16406 4.75861 4.09904 3.34829 
2.87141 2.50145 2.38658 2.44515 2.60957 2.83733 3.10301 3.39092 3.69046 3.99353 4.29274 4.57997 4.84475 5.07175 5.23691 5.30122 5.20428 4.87061 4.26661 3.51389 
2.99918 2.57029 2.4109 2.44032 2.58494 2.79792 3.05169 3.32955 3.62059 3.91672 4.21091 4.49576 4.76199 4.99636 5.17809 5.27316 5.22674 4.96269 4.42386 3.68583 
3.13995 2.65092 2.44281 2.4404 2.56401 2.76182 3.00361 3.27149 3.55406 3.84318 4.13208 4.4139 4.68042 4.92008 5.11501 5.23573 5.23338 5.03466 4.56684 3.86017 
3.29245 2.74429 2.48326 2.44582 2.54691 2.72898 2.95866 3.21657 3.49072 3.7728 4.05619 4.33451 4.60034 4.84361 5.04889 5.19077 5.22628 5.08723 4.69257 4.03239 
3.45443 2.85108 2.53328 2.45718 2.53385 2.69942 2.91675 3.16468 3.43043 3.70545 3.98319 4.2576 4.52198 4.76746 4.9807 5.13986 5.20752 5.12178 4.79921 4.19779 
3.62268 2.97148 2.59396 2.47515 2.52511 2.67319 2.87783 3.11571 3.37306 3.64102 3.91299 4.1832 4.44551 4.69205 4.91127 5.08438 5.17905 5.14009 4.88607 4.35199 
3.79314 3.10501 2.66636 2.50054 2.52106 2.65039 2.84187 3.06955 3.31851 3.57939 3.84552 4.1113 4.37102 4.61769 4.84123 5.02549 5.14264 5.14415 4.95344 4.49137 
3.96128 3.25034 2.75138 2.53428 2.52215 2.63117 2.80886 3.02614 3.26666 3.52046 3.78069 4.04185 4.2986 4.54462 4.77111 4.96415 5.09985 5.13595 5.00239 4.61333 
4.12251 3.40519 2.84963 2.57734 2.52895 2.61576 2.77884 2.98543 3.21743 3.46413 3.71842 3.97482 4.22827 4.47303 4.70133 4.90116 5.05202 5.1174 5.03445 4.71646 
4.27264 3.56638 2.96126 2.63077 2.54212 2.60444 2.75188 2.94739 3.17075 3.41031 3.65862 3.91015 4.16005 4.40303 4.63221 4.83717 5.00032 5.09026 5.05147 4.80038 
4.40828 3.72996 3.08576 2.69554 2.56245 2.59757 2.72811 2.91201 3.12654 3.35892 3.60121 3.8478 4.09393 4.33472 4.564 4.7727 4.94572 5.0561 5.05537 4.86562 
4.5271 3.89157 3.22185 2.77247 2.59079 2.59562 2.7077 2.87932 3.08478 3.30988 3.54612 3.78769 4.0299 4.26815 4.4969 4.70819 4.88901 5.0163 5.04802 4.91336 
4.62785 4.04683 3.36734 2.86211 2.62808 2.59913 2.69087 2.84938 3.04543 3.26314 3.49328 3.72977 3.96792 4.20337 4.43105 4.64396 4.83088 4.97203 5.03121 4.94517 
4.71028 4.1918 3.51924 2.96457 2.67526 2.60874 2.67791 2.82228 3.00848 3.21865 3.44262 3.67397 3.90796 4.14038 4.36657 4.5803 4.77185 4.92429 5.00652 4.96284 
4.77496 4.32326 3.67387 3.07936 2.73322 2.62517 2.6692 2.79815 2.97397 3.17636 3.39408 3.62024 3.84999 4.07918 4.30351 4.51741 4.71239 4.87393 4.9754 4.96819 
4.82303 4.43901 3.82717 3.20527 2.80269 2.64924 2.66516 2.77718 2.94192 3.13626 3.34762 3.56853 3.79395 4.01978 4.24195 4.45546 4.65286 4.82166 4.93907 4.963 
4.85599 4.53783 3.97507 3.34031 2.88414 2.68178 2.66633 2.75959 2.91241 3.09834 3.30319 3.51878 3.7398 3.96214 4.18192 4.39456 4.59354 4.76805 4.89859 4.9489 
4.87553 4.61946 4.11386 3.48176 2.97764 2.72364 2.6733 2.74568 2.88555 3.06261 3.26077 3.47096 3.6875 3.90624 4.12342 4.33483 4.53467 4.71359 4.85487 4.92739 
4.88335 4.68437 4.24052 3.62628 3.08275 2.77563 2.68674 2.7358 2.86148 3.02912 3.22033 3.42501 3.63702 3.85206 4.06647 4.27633 4.47644 4.65867 4.80867 4.89977 
4.88111 4.73358 4.35289 3.77018 3.19835 2.83837 2.7074 2.73037 2.84039 2.9979 3.18187 3.3809 3.5883 3.79958 4.01107 4.2191 4.41899 4.60361 4.76063 4.86719 
4.87033 4.76846 4.44973 3.90976 3.32268 2.91227 2.73603 2.72989 2.8225 2.96906 3.1454 3.33862 3.54133 3.74874 3.9572 4.16319 4.36243 4.54867 4.71126 4.83062 
4.8524 4.79052 4.53068 4.04158 3.45331 2.99736 2.77339 2.73491 2.80811 2.94269 3.11095 3.29814 3.49605 3.69954 3.90486 4.1086 4.30686 4.49407 4.66101 4.79091 
4.82856 4.80136 4.59604 4.16279 3.58727 3.09322 2.82017 2.74606 2.79756 2.91896 3.07856 3.25947 3.45245 3.65194 3.85402 4.05537 4.25234 4.43997 4.61025 4.74875 
4.79986 4.80248 4.64666 4.27131 3.7213 3.19887 2.87692 2.76399 2.79124 2.89805 3.04829 3.22261 3.41052 3.6059 3.80466 4.00348 4.19892 4.38652 4.55926 4.70474 
4.76724 4.79533 4.68371 4.36584 3.85203 3.31275 2.94396 2.78938 2.78961 2.88019 3.02025 3.18758 3.37023 3.56142 3.75677 3.95293 4.14663 4.3338 4.50828 4.65937 
4.73147 4.78119 4.70855 4.44588 3.97636 3.43274 3.02132 2.8229 2.79319 2.86565 2.99455 3.15441 3.33159 3.51846 3.71032 3.90372 4.0955 4.28192 4.45753 4.61305 
4.69323 4.76123 4.72259 4.51154 4.09163 3.55623 3.10859 2.86514 2.80255 2.85476 2.97135 3.12317 3.29459 3.47702 3.6653 3.85584 4.04554 4.23093 4.40715 4.56613 
4.65308 4.73645 4.72723 4.56347 4.19581 3.68033 3.20491 2.91657 2.81826 2.8479 2.95082 3.09393 3.25926 3.43708 3.62168 3.80928 3.99677 4.18089 4.35727 4.51887 
4.61149 4.70772 4.72379 4.60262 4.28758 3.80209 3.30891 2.97745 2.84094 2.8455 2.9332 3.06678 3.22564 3.39865 3.57946 3.76402 3.94917 4.13182 4.308 4.47152 
4.56886 4.67582 4.71348 4.63017 4.36629 3.91869 3.41875 3.04778 2.87116 2.84801 2.91875 3.04185 3.19375 3.36172 3.53862 3.72004 3.90276 4.08377 4.25943 4.42427 
4.52551 4.64136 4.69738 4.64735 4.43189 4.02768 3.53217 3.12718 2.90943 2.85595 2.90777 3.01929 3.16367 3.32632 3.49916 3.67735 3.85753 4.03674 4.21161 4.37727 
4.48172 4.60491 4.67646 4.65544 4.4848 4.12713 3.64665 3.2149 2.95614 2.86985 2.90062 2.99928 3.13547 3.29246 3.46107 3.63593 3.81347 3.99075 4.16459 4.33064 
4.43772 4.56691 4.65156 4.65564 4.52577 4.21569 3.75957 3.30975 3.01151 2.89023 2.89769 2.98205 3.10926 3.26019 3.42436 3.59577 3.77058 3.9458 4.11843 4.2845 
4.39369 4.52776 4.62339 4.64906 4.55576 4.29262 3.86843 3.41012 3.07549 2.91759 2.89941 2.96783 3.08516 3.22956 3.38905 3.55687 3.72885 3.90191 4.07314 4.23892 
4.34979 4.48777 4.59258 4.63673 4.57587 4.3577 3.97099 3.51406 3.14776 2.95237 2.90622 2.95693 3.06332 3.20063 3.35515 3.51923 3.68828 3.85907 4.02875 4.19397 
4.30615 4.44722 4.55966 4.61955 4.5872 4.41115 4.06543 3.61939 3.22764 2.99489 2.9186 2.94967 3.04392 3.17349 3.3227 3.48286 3.64886 3.81728 3.98528 4.14971 
4.26287 4.40634 4.52508 4.59833 4.59083 4.45353 4.15042 3.72381 3.3141 3.04531 2.93701 2.9464 3.02717 3.14823 3.29174 3.44776 3.6106 3.77655 3.94273 4.10617 
4.22003 4.36531 4.48923 4.57376 4.58781 4.48561 4.22514 3.8251 3.40575 3.10359 2.96188 2.94751 3.0133 3.12499 3.26232 3.41397 3.57349 3.73687 3.90112 4.0634 
4.17771 4.32429 4.45242 4.54645 4.57906 4.50829 4.28924 3.92124 3.5009 3.16942 2.99357 2.95341 3.00259 3.10392 3.23452 3.38149 3.53754 3.69823 3.86046 4.02141 
4.13597 4.28341 4.41492 4.51691 4.56546 4.52255 4.34277 4.01053 3.59766 3.2422 3.03235 2.9645 2.99533 3.08517 3.20842 3.35038 3.50276 3.66066 3.82075 3.98023 
4.09484 4.24277 4.37696 4.48559 4.54775 4.52935 4.3861 4.09169 3.69404 3.32103 3.07835 2.9812 2.99185 3.06896 3.18413 3.32068 3.46918 3.62414 3.78198 3.93988 
4.05437 4.20247 4.33874 4.45287 4.52662 4.52962 4.41983 4.16384 3.78806 3.40471 3.1315 3.00387 2.99249 3.0555 3.16176 3.29244 3.43681 3.58869 3.74418 3.90036 
4.01459 4.16258 4.30041 4.41906 4.50264 4.52424 4.4447 4.22654 3.87791 3.49179 3.19153 3.03281 2.99763 3.04504 3.14146 3.26574 3.40569 3.55431 3.70733 3.86169 
3.97552 4.12316 4.2621 4.38444 4.47632 4.51399 4.46153 4.27971 3.96203 3.58063 3.2579 3.06825 3.00762 3.03786 3.12339 3.24066 3.37585 3.52103 3.67146 3.82388 
3.93718 4.08425 4.22393 4.34925 4.4481 4.4996 4.47116 4.32354 4.03919 3.66947 3.32982 3.11028 3.02282 3.03426 3.10775 3.21731 3.34735 3.48887 3.63656 3.78694 
3.89959 4.04591 4.18599 4.31367 4.41835 4.48172 4.47444 4.35848 4.10851 3.7566 3.40627 3.15882 3.04353 3.03455 3.09473 3.19581 3.32024 3.45785 3.60265 3.75087 
3.86276 4.00817 4.14835 4.27786 4.3874 4.4609 4.47214 4.38511 4.16946 3.84039 3.48597 3.21363 3.07002 3.03905 3.08458 3.17629 3.2946 3.428 3.56975 3.71568 
3.82671 3.97105 4.11109 4.24197 4.35552 4.43764 4.46502 4.40412 4.22186 3.91941 3.56751 3.27422 3.10246 3.04808 3.07754 3.15891 3.27052 3.39937 3.53787 3.68138 
3.79145 3.93457 4.07426 4.20612 4.32294 4.41236 4.45373 4.41624 4.26577 3.9925 3.64937 3.33992 3.14092 3.06194 3.07388 3.14384 3.24809 3.37202 3.50704 3.648 
3.75699 3.89877 4.0379 4.17039 4.28985 4.38544 4.4389 4.42219 4.3015 4.0588 3.73003 3.4098 3.18532 3.0809 3.07388 3.13128 3.22744 3.346 3.47729 3.61553 
3.72334 3.86366 4.00206 4.13487 4.25644 4.3572 4.42106 4.4227 4.32948 4.11773 3.80804 3.4828 3.23542 3.10518 3.07783 3.12145 3.20868 3.32138 3.44865 3.584 
3.69052 3.82924 3.96675 4.09964 4.22283 4.32792 4.40068 4.41844 4.35029 4.16903 3.88211 3.55766 3.29081 3.13492 3.08601 3.11458 3.19198 3.29826 3.42118 3.55344 
3.65855 3.79555 3.93202 4.06475 4.18916 4.29782 4.3782 4.41002 4.36453 4.21265 3.95115 3.63308 3.35088 3.17016 3.09868 3.1109 3.17749 3.27673 3.39492 3.52387 
3.62744 3.7626 3.89789 4.03025 4.15552 4.26711 4.35396 4.39803 4.37284 4.24877 4.01432 3.7077 3.41484 3.21083 3.11606 3.11067 3.1654 3.25689 3.36994 3.49532 
3.59721 3.73039 3.86437 3.99618 4.122 4.23596 4.32829 4.38298 4.37585 4.27773 4.07103 3.78025 3.48174 3.2567 3.13835 3.11415 3.1559 3.23888 3.34631 3.46783 
3.56789 3.69896 3.83149 3.96258 4.08868 4.20452 4.30147 4.36532 4.37417 4.29996 4.12095 3.84956 3.55051 3.30739 3.16565 3.12157 3.14921 3.22284 3.32411 3.44146 
3.5395 3.66831 3.79927 3.92948 4.05561 4.17291 4.27373 4.34546 4.36839 4.31597 4.16397 3.91462 3.62 3.36238 3.19798 3.13316 3.14554 3.20892 3.30343 3.41624 
3.51209 3.63847 3.76773 3.89691 4.02286 4.14125 4.24528 4.32376 4.35902 4.3263 4.20015 3.97462 3.68903 3.42098 3.23528 3.14912 3.14512 3.19729 3.28439 3.39226 
3.4857 3.60947 3.73688 3.8649 3.99047 4.10962 4.21628 4.30054 4.34656 4.33152 4.22972 4.02898 3.75646 3.48236 3.27732 3.1696 3.14817 3.18813 3.26711 3.36956 
3.46037 3.58132 3.70675 3.83347 3.95848 4.07811 4.1869 4.27606 4.33144 4.33217 4.25302 4.07732 3.82123 3.54558 3.32378 3.19468 3.1549 3.18162 3.25171 3.34825 
3.43615 3.55407 3.67736 3.80263 3.92692 4.04678 4.15727 4.25056 4.31406 4.32876 4.27047 4.11947 3.88242 3.60964 3.37419 3.22439 3.16552 3.17798 3.23834 3.3284 
3.41311 3.52774 3.64872 3.77242 3.89583 4.01568 4.12749 4.22425 4.29475 4.3218 4.28252 4.15541 3.93928 3.6735 3.42794 3.25863 3.18018 3.17739 3.22715 3.31012 
3.39131 3.50238 3.62087 3.74286 3.86524 3.98488 4.09766 4.19731 4.27383 4.31174 4.28965 4.18529 3.99121 3.73615 3.48431 3.29722 3.19902 3.18006 3.21831 3.29353 
3.37085 3.47804 3.59384 3.71396 3.83517 3.95441 4.06786 4.16989 4.25157 4.29898 4.29235 4.20935 4.03782 3.79663 3.54248 3.33985 3.22209 3.18617 3.212 3.27875 
3.35179 3.45478 3.56766 3.68575 3.80565 3.92431 4.03817 4.14213 4.2282 4.2839 4.29109 4.22793 4.07889 3.85411 3.60157 3.38612 3.2494 3.1959 3.20839 3.2659 
3.33424 3.43264 3.54236 3.65825 3.7767 3.89463 4.00866 4.11414 4.20393 4.26684 4.28631 4.2414 4.11436 3.90786 3.66066 3.43548 3.28088 3.20938 3.20766 3.25514 
3.31831 3.4117 3.51799 3.63151 3.74835 3.86538 3.97937 4.08603 4.17895 4.2481 4.27845 4.25017 4.14427 3.95734 3.71885 3.4873 3.31633 3.22671 3.20998 3.24662 
3.30412 3.39204 3.4946 3.60553 3.72062 3.83661 3.95035 4.05787 4.1534 4.22794 4.26787 4.25467 4.16882 4.00212 3.7753 3.54088 3.35551 3.24795 3.21552 3.24049 
3.29178 3.37374 3.47224 3.58037 3.69354 3.80834 3.92164 4.02976 4.12743 4.20659 4.25495 4.25531 4.18824 4.04196 3.82923 3.59541 3.39802 3.27309 3.22443 3.23692 
3.28143 3.35689 3.45096 3.55605 3.66713 3.78059 3.89329 4.00175 4.10116 4.18427 4.23999 4.25251 4.20285 4.07674 3.87997 3.65012 3.44341 3.30204 3.23682 3.23606 
3.27321 3.34159 3.43084 3.53262 3.64143 3.75339 3.86533 3.9739 4.07468 4.16114 4.22329 4.24664 4.213 4.10647 3.927 3.70418 3.49111 3.33466 3.25277 3.23806 
3.26725 3.32796 3.41195 3.51013 3.61646 3.72677 3.83779 3.94626 4.0481 4.13738 4.20511 4.23808 4.21906 4.13125 3.9699 3.75685 3.54049 3.37069 3.27234 3.24308 
3.26372 3.3161 3.39437 3.48863 3.59227 3.70076 3.81071 3.91888 4.02149 4.11312 4.18568 4.22714 4.22138 4.15127 4.00839 3.80741 3.59087 3.40981 3.29549 3.25123 
3.26274 3.30613 3.37819 3.46818 3.56888 3.67539 3.7841 3.89181 3.99491 4.08849 4.1652 4.21415 4.22034 4.16679 4.04233 3.85525 3.64154 3.45159 3.32216 3.26262 
3.26445 3.2982 3.36349 3.44884 3.54636 3.65069 3.75801 3.86508 3.96845 4.06358 4.14385 4.19937 4.21629 4.17808 4.07168 3.89986 3.69178 3.49554 3.3522 3.27732 
3.26898 3.29241 3.35039 3.43069 3.52473 3.62669 3.73246 3.83872 3.94214 4.0385 4.12179 4.18306 4.20956 4.18545 4.09649 3.94084 3.74091 3.5411 3.38538 3.29535 
3.27644 3.28891 3.33898 3.41379 3.50405 3.60342 3.70747 3.81277 3.91603 4.01333 4.09916 4.16543 4.20046 4.18924 4.1169 3.97792 3.78828 3.58768 3.4214 3.31669 
3.2869 3.28782 3.32938 3.39824 3.48439 3.58093 3.68309 3.78726 3.89018 3.98814 4.07609 4.1467 4.18929 4.18977 4.13309 4.0109 3.83334 3.63464 3.4599 3.34127 
3.30044 3.28926 3.32172 3.38411 3.46579 3.55926 3.65934 3.76223 3.86463 3.963 4.05269 4.12703 4.1763 4.18735 4.1453 4.03972 3.8756 3.68134 3.50044 3.36895 
3.31706 3.29334 3.31609 3.37151 3.44834 3.53846 3.63626 3.73769 3.8394 3.93796 4.02905 4.10659 4.16173 4.18229 4.15379 4.06438 3.91467 3.72717 3.54253 3.39953 
3.33674 3.30015 3.31262 3.36054 3.43209 3.51857 3.61388 3.71369 3.81454 3.91308 4.00526 4.08553 4.14581 4.17488 4.15884 4.08498 3.95027 3.77154 3.58562 3.43275 
3.35941 3.30977 3.31143 3.35129 3.41714 3.49965 3.59225 3.69026 3.79009 3.8884 3.9814 4.06396 4.12873 4.16538 4.16075 4.10165 3.98221 3.81395 3.62917 3.46827 
3.38495 3.32223 3.31261 3.34387 3.40355 3.48177 3.5714 3.66742 3.76606 3.86398 3.95753 4.042 4.11067 4.15406 4.15978 4.11458 4.01037 3.85393 3.6726 3.5057 
3.41316 3.33756 3.31627 3.33839 3.39143 3.46498 3.55138 3.64522 3.74251 3.83984 3.93372 4.01974 4.09178 4.14113 4.15623 4.12399 4.03475 3.89112 3.71535 3.54461 
3.44382 3.35572 3.32248 3.33495 3.38086 3.44935 3.53225 3.6237 3.71945 3.81603 3.91002 3.99728 4.0722 4.12681 4.15036 4.13013 4.05537 3.92522 3.75691 3.58451 
3.47661 3.37664 3.33131 3.33366 3.37194 3.43497 3.51405 3.60288 3.69693 3.79259 3.88647 3.97469 4.05206 4.11129 4.14241 4.13323 4.07235 3.95605 3.7968 3.62492 
3.51121 3.40021 3.34279 3.3346 3.36476 3.4219 3.49684 3.58282 3.67497 3.76954 3.86314 3.95205 4.03148 4.09474 4.13263 4.13356 4.08583 3.98346 3.83458 3.66533 
3.54721 3.42626 3.35692 3.33787 3.35941 3.41023 3.48068 3.56356 3.65362 3.74692 3.84005 3.92941 4.01055 4.07732 4.12123 4.13137 4.09599 4.00742 3.86992 3.70522 
3.5842 3.45458 3.37368 3.34352 3.356 3.40004 3.46565 3.54514 3.63291 3.72477 3.81725 3.90684 3.98937 4.05916 4.10842 4.12689 4.10303 4.02794 3.90253 3.74414 
3.62172 3.48489 3.393 3.35162 3.35462 3.39142 3.45181 3.52763 3.61288 3.70313 3.79478 3.88439 3.96801 4.04039 4.09436 4.12036 4.10718 4.04508 3.9322 3.78164 
3.65933 3.51689 3.41477 3.36218 3.35534 3.38446 3.43923 3.51107 3.59357 3.68202 3.77267 3.8621 3.94654 4.02113 4.07925 4.11201 4.10864 4.05895 3.9588 3.81732 
3.69657 3.55024 3.43885 3.37522 3.35823 3.37925 3.42798 3.49552 3.57503 3.66148 3.75096 3.84003 3.92504 4.00147 4.06322 4.10203 4.10766 4.0697 3.98225 3.85087 
3.73301 3.58454 3.46502 3.39069 3.36337 3.37586 3.41816 3.48105 3.55731 3.64156 3.72969 3.8182 3.90356 3.98152 4.04641 4.09061 4.10445 4.0775 4.00255 3.88199 
3.76825 3.61941 3.49306 3.40854 3.37079 3.37439 3.40983 3.46772 3.54045 3.62228 3.70888 3.79667 3.88216 3.96134 4.02895 4.07794 4.09921 4.08253 4.01972 3.91049 
3.80193 3.65443 3.52269 3.42866 3.3805 3.3749 3.40307 3.4556 3.5245 3.6037 3.68859 3.77547 3.86089 3.94101 4.01095 4.06418 4.09217 4.085 4.03385 3.93622 
3.83374 3.6892 3.55359 3.45092 3.39252 3.37745 3.39798 3.44476 3.50954 3.58585 3.66884 3.75464 3.83979 3.9206 3.99251 4.04946 4.0835 4.08509 4.04505 3.95909 
3.8634 3.72333 3.58544 3.47514 3.40681 3.3821 3.39461 3.43528 3.4956 3.56879 3.64967 3.73421 3.81891 3.90018 3.97373 4.03394 4.0734 4.08301 4.05347 3.97906 
3.89072 3.75645 3.61786 3.5011 3.4233 3.38889 3.39305 3.42722 3.48276 3.55255 3.63112 3.71422 3.79829 3.8798 3.95468 4.01772 4.06202 4.07895 4.05925 3.99616 
3.91555 3.78822 3.65049 3.52855 3.44191 3.39782 3.39336 3.42066 3.47108 3.5372 3.61323 3.69471 3.77796 3.8595 3.93545 4.00093 4.04953 4.07311 4.06258 4.01043 
3.93777 3.81835 3.68296 3.55721 3.4625 3.4089 3.39559 3.41567 3.46063 3.52279 3.59605 3.67572 3.75797 3.83935 3.9161 3.98366 4.03606 4.06566 4.06362 4.02196 
3.95736 3.84659 3.71493 3.58679 3.48492 3.42209 3.39979 3.41233 3.45146 3.50936 3.57962 3.65728 3.73836 3.81937 3.8967 3.96601 4.02175 4.05677 4.06255 4.03086 
3.97428 3.87274 3.74605 3.61695 3.50897 3.43733 3.40599 3.41068 3.44366 3.49699 3.56399 3.63943 3.71916 3.79963 3.87729 3.94805 4.00672 4.0466 4.05956 4.03728 
3.98859 3.89664 3.77601 3.64737 3.53442 3.45454 3.4142 3.4108 3.43729 3.48573 3.54921 3.62221 3.70041 3.78015 3.85794 3.92988 3.99108 4.0353 4.05481 4.04134 
4.00035 3.91818 3.80454 3.67772 3.56103 3.4736 3.4244 3.41274 3.4324 3.47564 3.53532 3.60567 3.68214 3.76098 3.8387 3.91154 3.97493 4.02301 4.04848 4.04321 
4.00963 3.93731 3.83139 3.70766 3.58852 3.49437 3.43658 3.41651 3.42907 3.46678 3.52239 3.58985 3.66441 3.74216 3.81961 3.89312 3.95836 4.00985 4.04072 4.04305 
4.01656 3.95399 3.85638 3.7369 3.6166 3.51667 3.45067 3.42216 3.42735 3.45922 3.51046 3.5748 3.64723 3.72372 3.80072 3.87466 3.94145 3.99595 4.03167 4.04102 
4.02125 3.96826 3.87934 3.76514 3.64497 3.54029 3.4666 3.42969 3.4273 3.45301 3.49959 3.56056 3.63066 3.7057 3.78206 3.85623 3.92429 3.9814 4.02149 4.03727 
4.02385 3.98013 3.90017 3.79214 3.67334 3.565 3.48425 3.43909 3.42895 3.44823 3.48984 3.54717 3.61474 3.68814 3.76368 3.83787 3.90693 3.96632 4.01031 4.03196 
4.02449 3.9897 3.9188 3.81765 3.70139 3.59057 3.5035 3.45033 3.43233 3.44491 3.48128 3.53471 3.59951 3.67108 3.74562 3.81963 3.88946 3.95078 3.99824 4.02524 
4.02331 3.99704 3.93518 3.8415 3.72886 3.61672 3.52418 3.46336 3.43747 3.44312 3.47394 3.5232 3.58501 3.65456 3.72792 3.80156 3.87191 3.93488 3.9854 4.01724 
4.02047 4.00227 3.94932 3.86353 3.75548 3.6432 3.54611 3.4781 3.44437 3.4429 3.4679 3.51271 3.57128 3.63861 3.71061 3.7837 3.85437 3.91869 3.9719 4.00811 
4.0161 4.00549 3.96125 3.88363 3.78101 3.66971 3.56908 3.49446 3.45302 3.44428 3.4632 3.5033 3.55839 3.62328 3.69373 3.76609 3.83686 3.90228 3.95783 3.99796 
4.01033 4.00683 3.97101 3.90172 3.80524 3.69601 3.59287 3.5123 3.4634 3.4473 3.4599 3.495 3.54636 3.60862 3.67733 3.74877 3.81945 3.88572 3.94329 3.98692 
4.0033 4.00642 3.97867 3.91775 3.82798 3.72182 3.61724 3.53149 3.47544 3.45196 3.45804 3.48788 3.53527 3.59465 3.66144 3.73178 3.80217 3.86906 3.92835 3.97509 
3.99514 4.00439 3.98433 3.93171 3.84909 3.74691 3.64196 3.55186 3.48909 3.45828 3.45766 3.482 3.52514 3.58143 3.64609 3.71515 3.78508 3.85236 3.9131 3.96258 
3.98597 4.00087 3.98809 3.94361 3.86844 3.77104 3.66676 3.57323 3.50424 3.46624 3.4588 3.47739 3.51603 3.56899 3.63133 3.69894 3.76821 3.83569 3.89759 3.94948 
3.97589 3.99598 3.99005 3.95349 3.88597 3.79403 3.69141 3.59538 3.52079 3.47581 3.46147 3.4741 3.508 3.5574 3.61721 3.68317 3.75161 3.81907 3.88191 3.93589 
3.96502 3.98986 3.99032 3.9614 3.90161 3.81569 3.71567 3.61811 3.53861 3.48694 3.4657 3.47217 3.50109 3.54669 3.60375 3.66788 3.73531 3.80257 3.86611 3.92187 
3.95345 3.9826 3.98902 3.96742 3.91533 3.83589 3.7393 3.64119 3.55754 3.49957 3.47147 3.47165 3.49535 3.53691 3.59101 3.65312 3.71935 3.78622 3.85024 3.90751 
3.94127 3.97434 3.98628 3.97162 3.92715 3.8545 3.76212 3.66439 3.57742 3.51362 3.47878 3.47255 3.49082 3.5281 3.57903 3.63891 3.70377 3.77007 3.83436 3.89288 
3.92858 3.96517 3.9822 3.97411 3.93708 3.87145 3.78391 3.6875 3.59805 3.52898 3.48761 3.47491 3.48754 3.52032 3.56784 3.62531 3.68862 3.75416 3.81851 3.87805 
3.91545 3.9552 3.97689 3.97499 3.94517 3.88666 3.80453 3.7103 3.61926 3.54553 3.49789 3.47872 3.48556 3.5136 3.5575 3.61235 3.67392 3.73853 3.80276 3.86306 
3.90195 3.94451 3.97048 3.97435 3.95147 3.90012 3.82384 3.73257 3.64082 3.56313 3.50959 3.48399 3.4849 3.508 3.54805 3.60007 3.65971 3.72321 3.78713 3.84799 
3.88816 3.93322 3.96307 3.9723 3.95605 3.9118 3.84171 3.75413 3.66254 3.58163 3.52261 3.4907 3.48559 3.50355 3.53953 3.58852 3.64604 3.70826 3.77168 3.83288 
3.87414 3.92138 3.95475 3.96896 3.959 3.92173 3.85806 3.77479 3.68421 3.60086 3.53686 3.49883 3.48764 3.50028 3.53198 3.57773 3.63295 3.69369 3.75644 3.81779 
3.85995 3.90909 3.94562 3.96441 3.9604 3.92993 3.87283 3.7944 3.70564 3.62065 3.55224 3.50833 3.49107 3.49825 3.52546 3.56774 3.62046 3.67956 3.74146 3.80275 
3.84564 3.89642 3.93578 3.95878 3.96035 3.93644 3.88598 3.81284 3.72662 3.6408 3.56861 3.51916 3.49587 3.49746 3.51999 3.55861 3.60863 3.6659 3.72677 3.78783 
3.83128 3.88343 3.92531 3.95215 3.95893 3.94134 3.89749 3.82997 3.74699 3.66114 3.58584 3.53123 3.50202 3.49795 3.51561 3.55036 3.59749 3.65275 3.71241 3.77305 
3.8169 3.87019 3.9143 3.94463 3.95626 3.94468 3.90736 3.84573 3.76656 3.68147 3.60377 3.54446 3.50951 3.49972 3.51236 3.54304 3.58708 3.64014 3.69842 3.75846 
3.80257 3.85676 3.90281 3.9363 3.95241 3.94654 3.91562 3.86004 3.78521 3.7016 3.62224 3.55875 3.51829 3.50279 3.51027 3.53669 3.57743 3.62812 3.68484 3.74411 
3.78832 3.8432 3.89093 3.92726 3.9475 3.947 3.9223 3.87286 3.8028 3.72138 3.64108 3.57399 3.52831 3.50715 3.50937 3.53135 3.5686 3.61671 3.67171 3.73002 
3.77419 3.82955 3.87871 3.91757 3.94161 3.94615 3.92744 3.88416 3.81921 3.74061 3.66013 3.59003 3.5395 3.51279 3.50967 3.52705 3.56062 3.60597 3.65905 3.71624 
3.76024 3.81588 3.86622 3.90734 3.93482 3.94408 3.93111 3.89394 3.83438 3.75916 3.6792 3.60676 3.55178 3.51968 3.51118 3.52381 3.55352 3.59592 3.64691 3.70281 
3.74649 3.80222 3.85352 3.89661 3.92724 3.94088 3.93337 3.90221 3.84821 3.77688 3.69813 3.624 3.56506 3.52778 3.51392 3.52168 3.54734 3.58661 3.63533 3.68977 
3.73299 3.78862 3.84067 3.88548 3.91894 3.93663 3.93429 3.90899 3.86068 3.79364 3.71676 3.64163 3.57924 3.53705 3.51787 3.52067 3.54212 3.57807 3.62434 3.67714 
3.71978 3.77513 3.82772 3.874 3.91 3.93142 3.93395 3.91433 3.87174 3.80935 3.73493 3.65947 3.59419 3.54742 3.52303 3.52079 3.53789 3.57034 3.61398 3.66497 
3.70689 3.76178 3.81472 3.86223 3.9005 3.92533 3.93243 3.91827 3.88139 3.82392 3.75249 3.67737 3.60979 3.55883 3.52936 3.52207 3.53468 3.56345 3.60429 3.65329 
3.69435 3.74863 3.80171 3.85024 3.89051 3.91845 3.92981 3.92088 3.88963 3.83728 3.76932 3.69517 3.62591 3.57118 3.53684 3.52449 3.5325 3.55744 3.59529 3.64213 
3.68222 3.73569 3.78875 3.83807 3.88009 3.91085 3.92617 3.9222 3.89648 3.84938 3.78529 3.71272 3.6424 3.58437 3.54541 3.52806 3.53139 3.55234 3.58704 3.63154 
3.67051 3.72302 3.77587 3.82579 3.86932 3.90261 3.92158 3.92231 3.90197 3.86018 3.80032 3.72987 3.65911 3.59831 3.55503 3.53277 3.53135 3.54818 3.57955 3.62156 
3.65927 3.71066 3.76311 3.81344 3.85824 3.89381 3.91614 3.92129 3.90614 3.86967 3.8143 3.7465 3.67591 3.61287 3.56562 3.53858 3.5324 3.54498 3.57286 3.6122 
3.64854 3.69862 3.75053 3.80106 3.84692 3.8845 3.90991 3.91919 3.90903 3.87785 3.82718 3.76248 3.69265 3.62793 3.5771 3.54548 3.53454 3.54277 3.56701 3.60351 
3.63834 3.68696 3.73814 3.78871 3.83542 3.87477 3.90297 3.91611 3.9107 3.88473 3.8389 3.77769 3.70918 3.64335 3.58938 3.55341 3.53775 3.54156 3.56203 3.59552 
3.6287 3.67571 3.726 3.77642 3.82378 3.86467 3.8954 3.91211 3.91122 3.89032 3.84942 3.79204 3.72538 3.65902 3.60237 3.56232 3.54204 3.54138 3.55793 3.58827 
3.61967 3.6649 3.71414 3.76424 3.81205 3.85425 3.88725 3.90726 3.91064 3.89467 3.85873 3.80545 3.74112 3.67479 3.61596 3.57215 3.54738 3.54222 3.55476 3.58178 
3.61128 3.65456 3.70259 3.7522 3.80028 3.84358 3.87861 3.90164 3.90902 3.89781 3.86682 3.81785 3.75628 3.69053 3.63004 3.58283 3.55373 3.54409 3.55251 3.57609 
3.60356 3.64474 3.69139 3.74035 3.78852 3.83271 3.86952 3.89532 3.90645 3.89978 3.87369 3.82918 3.77076 3.70611 3.64448 3.59427 3.56106 3.54697 3.55122 3.57121 
3.59653 3.63545 3.68058 3.72872 3.7768 3.82169 3.86006 3.88837 3.90298 3.90065 3.87935 3.83942 3.78446 3.7214 3.65916 3.60638 3.56931 3.55087 3.5509 3.56719 
3.59023 3.62674 3.67018 3.71735 3.76517 3.81056 3.85027 3.88085 3.89869 3.90047 3.88384 3.84852 3.79731 3.7363 3.67396 3.61906 3.57844 3.55576 3.55155 3.56403 
3.58469 3.61863 3.66023 3.70627 3.75367 3.79938 3.84022 3.87282 3.89364 3.89929 3.88718 3.85649 3.80923 3.75068 3.68877 3.63222 3.58837 3.56161 3.55316 3.56176 
3.57992 3.61116 3.65077 3.69552 3.74233 3.78819 3.82996 3.86435 3.8879 3.89718 3.88941 3.86332 3.82018 3.76446 3.70345 3.64574 3.59902 3.56838 3.55575 3.5604 
3.57597 3.60435 3.64181 3.68513 3.7312 3.77702 3.81953 3.8555 3.88153 3.89421 3.89059 3.86902 3.83012 3.77753 3.71789 3.6595 3.61031 3.57603 3.55929 3.55995 
3.57283 3.59824 3.63341 3.67513 3.7203 3.76593 3.80898 3.84632 3.87459 3.89043 3.89076 3.87361 3.839 3.78983 3.73198 3.6734 3.62216 3.5845 3.56376 3.56041 
3.57054 3.59284 3.62558 3.66556 3.70968 3.75494 3.79837 3.83686 3.86716 3.8859 3.88998 3.87712 3.84683 3.80128 3.74563 3.68733 3.63446 3.59372 3.56914 3.5618 
3.56911 3.58818 3.61835 3.65644 3.69936 3.7441 3.78772 3.82718 3.85927 3.8807 3.8883 3.87958 3.8536 3.81184 3.75872 3.70116 3.64711 3.60364 3.57539 3.5641 
3.56854 3.58429 3.61176 3.64781 3.68938 3.73345 3.77709 3.81732 3.851 3.87488 3.88577 3.88103 3.85931 3.82147 3.77119 3.71479 3.66002 3.61417 3.58247 3.5673 
3.56884 3.58119 3.60582 3.6397 3.67976 3.72301 3.76651 3.80733 3.84239 3.8685 3.88246 3.88151 3.86397 3.83013 3.78295 3.72813 3.67308 3.62524 3.59032 3.57139 
3.57002 3.57888 3.60057 3.63214 3.67056 3.71282 3.75603 3.79726 3.8335 3.86162 3.87843 3.88108 3.86761 3.8378 3.79395 3.74106 3.68617 3.63674 3.5989 3.57633 
3.57205 3.57739 3.59602 3.62515 3.66178 3.70292 3.74567 3.78714 3.82438 3.85429 3.87373 3.87978 3.87025 3.84448 3.80412 3.75351 3.69921 3.64859 3.60814 3.58209 
3.57494 3.57671 3.5922 3.61876 3.65347 3.69334 3.73548 3.77703 3.81506 3.84657 3.86842 3.87767 3.87194 3.85017 3.81344 3.7654 3.71208 3.66069 3.61796 3.58864 
3.57866 3.57686 3.58912 3.613 3.64564 3.6841 3.72549 3.76695 3.80561 3.8385 3.86256 3.8748 3.8727 3.85488 3.82186 3.77664 3.72469 3.67295 3.62829 3.59593 
3.5832 3.57783 3.5868 3.60789 3.63834 3.67525 3.71572 3.75694 3.79606 3.83015 3.8562 3.87122 3.87259 3.85862 3.82936 3.78719 3.73695 3.68527 3.63905 3.60391 
3.58851 3.57962 3.58525 3.60344 3.63158 3.6668 3.70623 3.74705 3.78645 3.82156 3.8494 3.86699 3.87164 3.86142 3.83594 3.79698 3.74878 3.69755 3.65015 3.61251 
3.59457 3.58222 3.58447 3.59969 3.62539 3.65879 3.69703 3.73731 3.77683 3.81277 3.8422 3.86216 3.8699 3.86331 3.84159 3.80598 3.7601 3.7097 3.6615 3.62167 
3.60133 3.58561 3.58448 3.59664 3.6198 3.65125 3.68816 3.72774 3.76723 3.80383 3.83466 3.85679 3.86743 3.86431 3.84632 3.81415 3.77085 3.72163 3.67301 3.63131 
3.60874 3.58976 3.58527 3.59431 3.61482 3.64419 3.67964 3.71839 3.7577 3.79478 3.82682 3.85092 3.86427 3.86448 3.85013 3.82147 3.78095 3.73326 3.6846 3.64137 
3.61675 3.59466 3.58683 3.59271 3.61048 3.63766 3.67151 3.70929 3.74825 3.78567 3.81874 3.84462 3.86048 3.86384 3.85306 3.82793 3.79037 3.7445 3.69617 3.65177 
3.62529 3.60026 3.58916 3.59185 3.6068 3.63167 3.6638 3.70046 3.73894 3.77652 3.81045 3.83791 3.8561 3.86245 3.85511 3.83352 3.79905 3.75528 3.70764 3.66241 
3.6343 3.60653 3.59224 3.59173 3.60378 3.62624 3.65652 3.69194 3.72979 3.76739 3.80201 3.83087 3.85118 3.86035 3.85633 3.83825 3.80697 3.76553 3.71892 3.67323 
3.64371 3.61341 3.59604 3.59235 3.60145 3.62139 3.64972 3.68376 3.72084 3.7583 3.79344 3.82352 3.84578 3.85758 3.85675 3.84212 3.81411 3.77521 3.72994 3.68413 
3.65344 3.62086 3.60055 3.5937 3.59981 3.61716 3.6434 3.67594 3.71212 3.74929 3.78479 3.81592 3.83994 3.85419 3.8564 3.84514 3.82044 3.78425 3.74061 3.69503 
3.66343 3.62882 3.60572 3.59578 3.59887 3.61354 3.6376 3.66851 3.70365 3.7404 3.77611 3.80811 3.83371 3.85023 3.85532 3.84734 3.82595 3.79263 3.75087 3.70586 
3.67359 3.63724 3.61152 3.59857 3.59863 3.61056 3.63233 3.6615 3.69547 3.73165 3.76742 3.80014 3.82713 3.84574 3.85355 3.84875 3.83066 3.80029 3.76066 3.71653 
3.68384 3.64604 3.61792 3.60204 3.59909 3.60822 3.62762 3.65493 3.68761 3.72308 3.75876 3.79203 3.82025 3.84077 3.85114 3.84939 3.83455 3.80723 3.76992 3.72696 
3.69412 3.65516 3.62485 3.60618 3.60025 3.60655 3.62348 3.64882 3.68009 3.71473 3.75017 3.78384 3.81312 3.83538 3.84813 3.84929 3.83766 3.81342 3.7786 3.7371 
3.70433 3.66452 3.63228 3.61096 3.60209 3.60554 3.61993 3.6432 3.67294 3.70661 3.74168 3.7756 3.80576 3.82959 3.84455 3.84849 3.83998 3.81885 3.78666 3.74686 
3.71442 3.67406 3.64013 3.61633 3.60461 3.60519 3.61699 3.63809 3.66618 3.69876 3.73332 3.76734 3.79824 3.82345 3.84047 3.84703 3.84154 3.82351 3.79408 3.7562 
3.7243 3.68371 3.64836 3.62227 3.60778 3.60551 3.61466 3.63351 3.65984 3.69121 3.72513 3.7591 3.79058 3.81702 3.83591 3.84495 3.84238 3.82742 3.80081 3.76505 
3.73392 3.69339 3.6569 3.62872 3.61158 3.60648 3.61295 3.62947 3.65394 3.68398 3.71713 3.75091 3.78282 3.81032 3.83093 3.84228 3.84251 3.83058 3.80685 3.77338 
3.74321 3.70303 3.66569 3.63564 3.61598 3.60811 3.61187 3.62599 3.6485 3.67709 3.70935 3.74281 3.775 3.80341 3.82556 3.83907 3.84196 3.833 3.81218 3.78114 
3.75211 3.71257 3.67465 3.64297 3.62096 3.61038 3.61143 3.62309 3.64354 3.67058 3.70182 3.73483 3.76715 3.79631 3.81984 3.83536 3.84078 3.8347 3.8168 3.7883 
3.76058 3.72193 3.68373 3.65067 3.62646 3.61326 3.61161 3.62076 3.63909 3.66446 3.69457 3.72699 3.75931 3.78908 3.81383 3.83119 3.839 3.8357 3.8207 3.79483 
3.76856 3.73106 3.69285 3.65867 3.63246 3.61675 3.61242 3.61903 3.63515 3.65876 3.68762 3.71933 3.75151 3.78173 3.80755 3.82659 3.83666 3.83604 3.82389 3.80071 
3.77602 3.73989 3.70194 3.66691 3.63891 3.6208 3.61385 3.6179 3.63174 3.6535 3.68099 3.71188 3.74379 3.77432 3.80105 3.82162 3.83378 3.83572 3.82639 3.80593 
3.78292 3.74837 3.71096 3.67533 3.64576 3.6254 3.61588 3.61736 3.62887 3.64869 3.67472 3.70466 3.73617 3.76687 3.79437 3.8163 3.83042 3.8348 3.82821 3.81048 
3.78924 3.75646 3.71982 3.68386 3.65296 3.63051 3.61851 3.61743 3.62656 3.64436 3.66882 3.6977 3.72868 3.75942 3.78754 3.81069 3.8266 3.8333 3.82936 3.81437 
3.79497 3.76411 3.72848 3.69246 3.66045 3.63609 3.6217 3.61808 3.62481 3.64052 3.66331 3.69102 3.72135 3.75199 3.78059 3.80481 3.82238 3.83125 3.82987 3.81758 
3.80007 3.77127 3.73688 3.70104 3.66817 3.6421 3.62543 3.61933 3.62363 3.63718 3.65822 3.68465 3.71422 3.74463 3.77357 3.79871 3.81778 3.82868 3.82977 3.82014 
3.80455 3.77793 3.74496 3.70956 3.67608 3.64849 3.62968 3.62114 3.62301 3.63436 3.65356 3.67861 3.7073 3.73736 3.7665 3.79242 3.81284 3.82564 3.82907 3.82205 
3.8084 3.78404 3.75268 3.71795 3.68411 3.65522 3.63442 3.62352 3.62296 3.63206 3.64935 3.67292 3.70061 3.73021 3.75942 3.78597 3.8076 3.82217 3.82782 3.82333 
3.81162 3.7896 3.76 3.72617 3.69221 3.66223 3.6396 3.62643 3.62348 3.6303 3.64561 3.6676 3.6942 3.7232 3.75236 3.77941 3.8021 3.81828 3.82604 3.824 
3.81422 3.79458 3.76688 3.73415 3.70031 3.66948 3.6452 3.62987 3.62455 3.62907 3.64234 3.66268 3.68807 3.71637 3.74534 3.77276 3.79638 3.81403 3.82377 3.82408 
3.81621 3.79898 3.77329 3.74184 3.70836 3.67691 3.65116 3.63379 3.62616 3.62838 3.63956 3.65816 3.68226 3.70974 3.73841 3.76606 3.79046 3.80945 3.82103 3.8236 
3.8176 3.80279 3.77919 3.74921 3.7163 3.68446 3.65745 3.63818 3.62831 3.62823 3.63728 3.65408 3.67678 3.70333 3.73158 3.75933 3.78438 3.80457 3.81787 3.82258 
3.81841 3.806 3.78458 3.75621 3.72409 3.69209 3.66402 3.643 3.63097 3.62862 3.63551 3.65043 3.67164 3.69717 3.72488 3.75261 3.77818 3.79943 3.81431 3.82105 
3.81866 3.80863 3.78944 3.76281 3.73167 3.69973 3.67081 3.64821 3.63413 3.62953 3.63424 3.64723 3.66688 3.69128 3.71834 3.74594 3.77189 3.79406 3.81039 3.81904 
3.81836 3.81068 3.79375 3.76898 3.739 3.70733 3.67779 3.65377 3.63775 3.63096 3.63349 3.6445 3.66251 3.68568 3.71199 3.73932 3.76554 3.7885 3.80614 3.81659 
3.81755 3.81216 3.7975 3.77468 3.74603 3.71486 3.68489 3.65965 3.64181 3.63289 3.63325 3.64224 3.65854 3.6804 3.70585 3.73281 3.75916 3.78278 3.8016 3.81371 
3.81625 3.81309 3.8007 3.7799 3.75273 3.72224 3.69208 3.6658 3.64628 3.63532 3.63351 3.64046 3.65498 3.67545 3.69994 3.72641 3.75277 3.77693 3.7968 3.81046 
3.81449 3.81349 3.80335 3.78463 3.75905 3.72944 3.69928 3.67217 3.65113 3.63821 3.63428 3.63916 3.65186 3.67085 3.69428 3.72016 3.74642 3.77098 3.79177 3.80684 
3.8123 3.81336 3.80545 3.78884 3.76498 3.73641 3.70647 3.67872 3.65632 3.64155 3.63554 3.63835 3.64918 3.66661 3.68889 3.71407 3.74012 3.76496 3.78655 3.80291 
3.8097 3.81275 3.80701 3.79253 3.77048 3.74312 3.71359 3.6854 3.66182 3.64531 3.63728 3.63802 3.64694 3.66276 3.6838 3.70819 3.7339 3.75891 3.78116 3.79869 
3.80672 3.81166 3.80804 3.7957 3.77553 3.74952 3.72059 3.69216 3.66757 3.64946 3.63948 3.63818 3.64516 3.6593 3.67903 3.70251 3.72779 3.75284 3.77564 3.79421 
3.8034 3.81012 3.80856 3.79836 3.78012 3.75558 3.72742 3.69896 3.67354 3.65397 3.64213 3.63881 3.64383 3.65624 3.67458 3.69708 3.72181 3.7468 3.77002 3.78951 
3.79977 3.80817 3.80859 3.80049 3.78423 3.76127 3.73406 3.70575 3.67969 3.65881 3.6452 3.63991 3.64297 3.65361 3.67048 3.6919 3.71599 3.7408 3.76433 3.78461 
3.79585 3.80582 3.80815 3.80211 3.78786 3.76657 3.74045 3.71249 3.68597 3.66394 3.64868 3.64146 3.64257 3.6514 3.66674 3.687 3.71035 3.73487 3.75859 3.77954 
3.79167 3.80311 3.80725 3.80324 3.791 3.77146 3.74656 3.71912 3.69234 3.66932 3.65253 3.64346 3.64262 3.64962 3.66337 3.68239 3.70491 3.72904 3.75283 3.77434 
3.78727 3.80006 3.80593 3.80387 3.79364 3.77591 3.75237 3.72561 3.69875 3.67492 3.65672 3.64588 3.64313 3.64827 3.66039 3.6781 3.69969 3.72333 3.74708 3.76903 
3.78268 3.79671 3.8042 3.80404 3.7958 3.77992 3.75783 3.73192 3.70517 3.6807 3.66123 3.64871 3.64408 3.64736 3.65781 3.67413 3.69471 3.71776 3.74137 3.76364 
3.77792 3.79307 3.80209 3.80375 3.79747 3.78347 3.76294 3.73801 3.71154 3.6866 3.66602 3.65192 3.64547 3.64689 3.65562 3.6705 3.69 3.71236 3.73572 3.75821 
3.77302 3.78919 3.79962 3.80303 3.79867 3.78656 3.76765 3.74385 3.71782 3.6926 3.67106 3.65549 3.64727 3.64686 3.65385 3.66723 3.68555 3.70714 3.73016 3.75274 
3.76801 3.78508 3.79683 3.8019 3.79941 3.7892 3.77197 3.7494 3.72398 3.69864 3.67631 3.65939 3.64948 3.64725 3.65249 3.66432 3.68141 3.70213 3.7247 3.74728 
3.76292 3.78077 3.79373 3.80037 3.7997 3.79137 3.77587 3.75465 3.72998 3.7047 3.68173 3.66359 3.65208 3.64807 3.65154 3.66178 3.67757 3.69734 3.71938 3.74185 
3.75777 3.7763 3.79037 3.79848 3.79956 3.79308 3.77935 3.75956 3.73578 3.71072 3.68728 3.66807 3.65504 3.64929 3.65101 3.65963 3.67405 3.6928 3.71421 3.73647 
3.75259 3.77169 3.78675 3.79625 3.79899 3.79434 3.78239 3.76411 3.74136 3.71668 3.69292 3.67278 3.65835 3.65092 3.65089 3.65786 3.67087 3.68852 3.70921 3.73116 
3.7474 3.76696 3.78291 3.79369 3.79804 3.79517 3.785 3.76829 3.74667 3.72252 3.69862 3.67769 3.66197 3.65294 3.65118 3.65649 3.66803 3.68452 3.7044 3.72595 
3.74224 3.76215 3.77889 3.79085 3.7967 3.79557 3.78718 3.77208 3.7517 3.72823 3.70434 3.68278 3.66589 3.65532 3.65187 3.65551 3.66555 3.68081 3.6998 3.72086 
3.73711 3.75728 3.77469 3.78773 3.79501 3.79555 3.78892 3.77547 3.75642 3.73375 3.71004 3.68799 3.67006 3.65805 3.65295 3.65492 3.66343 3.6774 3.69544 3.71591 
3.73205 3.75237 3.77035 3.78437 3.79299 3.79513 3.79024 3.77846 3.76081 3.73907 3.71568 3.69331 3.67447 3.66111 3.65441 3.65473 3.66167 3.67431 3.69131 3.71112 
3.72708 3.74745 3.7659 3.78079 3.79066 3.79434 3.79114 3.78105 3.76485 3.74415 3.72122 3.69868 3.67907 3.66448 3.65625 3.65492 3.66029 3.67155 3.68745 3.70651 
3.72222 3.74254 3.76136 3.77703 3.78804 3.79318 3.79163 3.78322 3.76853 3.74897 3.72664 3.70408 3.68384 3.66812 3.65843 3.6555 3.65928 3.66912 3.68386 3.7021 
3.71748 3.73766 3.75675 3.77309 3.78516 3.79168 3.79172 3.78498 3.77184 3.7535 3.7319 3.70947 3.68875 3.67201 3.66094 3.65644 3.65865 3.66703 3.68056 3.6979 
3.71289 3.73284 3.75209 3.76901 3.78205 3.78985 3.79144 3.78634 3.77477 3.75773 3.73697 3.71481 3.69375 3.67613 3.66377 3.65776 3.65839 3.66529 3.67756 3.69393 
3.70847 3.7281 3.74743 3.76482 3.77872 3.78773 3.79079 3.7873 3.77732 3.76164 3.74183 3.72007 3.69881 3.68044 3.6669 3.65942 3.65849 3.6639 3.67487 3.6902 
3.70424 3.72345 3.74276 3.76053 3.77519 3.78533 3.78979 3.78788 3.77948 3.76521 3.74645 3.72521 3.70391 3.68492 3.67029 3.66141 3.65896 3.66287 3.67249 3.68674 
3.7002 3.71892 3.73812 3.75617 3.77151 3.78267 3.78847 3.78808 3.78125 3.76843 3.7508 3.73022 3.709 3.68952 3.67392 3.66373 3.65978 3.66219 3.67044 3.68354 
3.69638 3.71453 3.73353 3.75177 3.76768 3.77978 3.78683 3.78791 3.78265 3.7713 3.75487 3.73506 3.71405 3.69423 3.67777 3.66634 3.66095 3.66187 3.66871 3.68063 
3.69279 3.7103 3.72901 3.74734 3.76373 3.77668 3.7849 3.7874 3.78366 3.7738 3.75864 3.7397 3.71904 3.699 3.6818 3.66924 3.66246 3.66189 3.66733 3.678 
3.68944 3.70623 3.72457 3.74291 3.75969 3.77339 3.7827 3.78655 3.78431 3.77595 3.7621 3.74411 3.72393 3.70381 3.686 3.67239 3.66428 3.66226 3.66627 3.67568 
3.68635 3.70235 3.72025 3.7385 3.75557 3.76994 3.78025 3.78538 3.7846 3.77773 3.76523 3.74829 3.72869 3.70862 3.69033 3.67578 3.6664 3.66297 3.66556 3.67367 
3.68352 3.69867 3.71604 3.73413 3.7514 3.76635 3.77757 3.78391 3.78455 3.77915 3.76803 3.75221 3.7333 3.71341 3.69475 3.67937 3.66882 3.66401 3.66518 3.67196 
3.68097 3.69521 3.71198 3.72982 3.74721 3.76263 3.77469 3.78217 3.78415 3.78021 3.7705 3.75584 3.73773 3.71814 3.69925 3.68315 3.6715 3.66537 3.66513 3.67058 
3.6787 3.69198 3.70808 3.72559 3.743 3.75882 3.77163 3.78016 3.78344 3.78092 3.77262 3.75919 3.74196 3.72278 3.70379 3.68708 3.67443 3.66703 3.66542 3.66951 
3.67672 3.68899 3.70436 3.72146 3.73881 3.75493 3.7684 3.7779 3.78242 3.78129 3.7744 3.76224 3.74597 3.72731 3.70833 3.69115 3.67759 3.66898 3.66602 3.66876 
3.67504 3.68625 3.70082 3.71744 3.73465 3.75099 3.76502 3.77543 3.78111 3.78133 3.77583 3.76497 3.74973 3.7317 3.71286 3.69531 3.68094 3.67121 3.66693 3.66833 
3.67366 3.68377 3.69749 3.71355 3.73054 3.74702 3.76153 3.77275 3.77953 3.78105 3.77693 3.76738 3.75324 3.73593 3.71734 3.69955 3.68448 3.67369 3.66815 3.66822 
3.67258 3.68155 3.69437 3.70981 3.72651 3.74303 3.75794 3.76989 3.7777 3.78046 3.7777 3.76948 3.75647 3.73997 3.72175 3.70382 3.68817 3.67641 3.66966 3.66842 
3.67181 3.67962 3.69148 3.70623 3.72256 3.73905 3.75427 3.76687 3.77563 3.77958 3.77814 3.77125 3.75943 3.74381 3.72606 3.70812 3.69198 3.67935 3.67145 3.66893 
3.67134 3.67796 3.68882 3.70283 3.71872 3.73509 3.75055 3.76371 3.77334 3.77842 3.77827 3.7727 3.76209 3.74743 3.73024 3.71241 3.69589 3.68248 3.6735 3.66973 
3.67116 3.67659 3.68641 3.69962 3.71499 3.73118 3.74679 3.76043 3.77086 3.77699 3.77808 3.77383 3.76445 3.75081 3.73427 3.71665 3.69988 3.68579 3.6758 3.67082 
3.67129 3.6755 3.68425 3.69661 3.71141 3.72733 3.743 3.75705 3.7682 3.77532 3.77761 3.77464 3.76652 3.75393 3.73814 3.72083 3.70392 3.68924 3.67833 3.67219 
3.6717 3.6747 3.68235 3.69382 3.70798 3.72356 3.73922 3.75359 3.76538 3.77342 3.77685 3.77514 3.76828 3.7568 3.74182 3.72493 3.70798 3.69282 3.68106 3.67383 
3.6724 3.67419 3.68072 3.69124 3.70471 3.71989 3.73546 3.75007 3.76242 3.77132 3.77582 3.77534 3.76973 3.75939 3.74529 3.72891 3.71203 3.6965 3.68399 3.67572 
3.67338 3.67397 3.67936 3.6889 3.70162 3.71633 3.73174 3.74651 3.75934 3.76901 3.77455 3.77525 3.77088 3.7617 3.74854 3.73276 3.71605 3.70026 3.68708 3.67784 
3.67462 3.67402 3.67827 3.6868 3.69872 3.7129 3.72807 3.74293 3.75616 3.76654 3.77303 3.77488 3.77173 3.76373 3.75156 3.73645 3.72002 3.70407 3.69031 3.68018 
3.67611 3.67436 3.67745 3.68494 3.69602 3.7096 3.72448 3.73934 3.7529 3.76391 3.77129 3.77424 3.77229 3.76547 3.75433 3.73998 3.72391 3.7079 3.69367 3.68273 
3.67785 3.67496 3.67691 3.68334 3.69352 3.70646 3.72097 3.73577 3.74957 3.76114 3.76935 3.77334 3.77256 3.76692 3.75685 3.74331 3.7277 3.71173 3.69713 3.68545 
3.67981 3.67583 3.67663 3.68199 3.69125 3.70349 3.71756 3.73223 3.74621 3.75825 3.76722 3.77219 3.77255 3.76809 3.75911 3.74644 3.73137 3.71554 3.70067 3.68834 
3.68198 3.67695 3.67663 3.6809 3.68921 3.70069 3.71427 3.72873 3.74281 3.75526 3.76492 3.77082 3.77227 3.76897 3.7611 3.74935 3.7349 3.7193 3.70425 3.69137 
3.68435 3.67831 3.67689 3.68006 3.68739 3.69808 3.71111 3.7253 3.73941 3.75219 3.76246 3.76923 3.77173 3.76958 3.76282 3.75203 3.73827 3.723 3.70787 3.69453 
3.68689 3.6799 3.6774 3.67949 3.68582 3.69567 3.7081 3.72195 3.73601 3.74905 3.75987 3.76745 3.77095 3.76991 3.76427 3.75447 3.74147 3.72661 3.7115 3.69778 
3.68959 3.68171 3.67817 3.67917 3.68448 3.69347 3.70524 3.71869 3.73265 3.74587 3.75717 3.76548 3.76993 3.76997 3.76545 3.75667 3.74448 3.7301 3.7151 3.7011 
3.69242 3.68372 3.67917 3.67911 3.68339 3.69148 3.70254 3.71554 3.72932 3.74265 3.75436 3.76334 3.76869 3.76978 3.76635 3.75862 3.74728 3.73347 3.71867 3.70448 
3.69538 3.68592 3.68041 3.6793 3.68254 3.68971 3.70003 3.71252 3.72605 3.73943 3.75146 3.76105 3.76724 3.76934 3.767 3.76032 3.74987 3.7367 3.72218 3.7079 
3.69843 3.68828 3.68187 3.67973 3.68194 3.68816 3.69769 3.70962 3.72285 3.7362 3.74851 3.75863 3.7656 3.76866 3.76738 3.76176 3.75225 3.73976 3.72561 3.71132 
3.70156 3.6908 3.68354 3.68041 3.68159 3.68684 3.69556 3.70687 3.71973 3.733 3.7455 3.7561 3.76378 3.76776 3.76751 3.76294 3.75439 3.74265 3.72895 3.71474 
3.70475 3.69346 3.6854 3.68131 3.68148 3.68575 3.69362 3.70428 3.71672 3.72983 3.74246 3.75346 3.7618 3.76664 3.7674 3.76387 3.75629 3.74536 3.73216 3.71812 
3.70797 3.69623 3.68744 3.68243 3.6816 3.6849 3.69189 3.70185 3.71382 3.72672 3.7394 3.75074 3.75967 3.76532 3.76704 3.76455 3.75796 3.74786 3.73525 3.72146 
3.71121 3.6991 3.68964 3.68377 3.68196 3.68428 3.69038 3.6996 3.71104 3.72366 3.73634 3.74795 3.75741 3.76382 3.76646 3.76498 3.75939 3.75016 3.73818 3.72472 
3.71444 3.70204 3.692 3.6853 3.68255 3.68389 3.68908 3.69752 3.7084 3.72069 3.7333 3.74511 3.75504 3.76214 3.76567 3.76517 3.76057 3.75224 3.74096 3.72789 
3.71765 3.70504 3.69448 3.68702 3.68336 3.68373 3.688 3.69564 3.7059 3.71781 3.73029 3.74223 3.75256 3.7603 3.76466 3.76512 3.76152 3.7541 3.74356 3.73096 
3.72081 3.70808 3.69707 3.68892 3.68437 3.6838 3.68713 3.69396 3.70356 3.71503 3.72732 3.73933 3.75 3.75832 3.76347 3.76485 3.76222 3.75574 3.74598 3.73391 
3.72391 3.71114 3.69977 3.69097 3.68559 3.68409 3.6865 3.69247 3.70138 3.71236 3.7244 3.73643 3.74738 3.75622 3.76209 3.76436 3.7627 3.75715 3.7482 3.73672 
3.72694 3.7142 3.70253 3.69316 3.687 3.6846 3.68608 3.69119 3.69938 3.70982 3.72156 3.73354 3.74469 3.75399 3.76055 3.76366 3.76294 3.75833 3.75022 3.73939 
3.72986 3.71724 3.70536 3.69548 3.68859 3.68531 3.68588 3.69012 3.69755 3.70742 3.7188 3.73068 3.74198 3.75167 3.75885 3.76276 3.76295 3.75929 3.75204 3.74189 
3.73268 3.72024 3.70823 3.69791 3.69035 3.68623 3.68589 3.68926 3.69591 3.70516 3.71614 3.72785 3.73923 3.74927 3.75701 3.76168 3.76275 3.76002 3.75365 3.74422 
3.73537 3.72319 3.71112 3.70044 3.69225 3.68734 3.68612 3.6886 3.69446 3.70306 3.71359 3.72507 3.73648 3.74679 3.75504 3.76042 3.76235 3.76052 3.75504 3.74637 
3.73793 3.72606 3.71401 3.70304 3.6943 3.68864 3.68656 3.68816 3.6932 3.70112 3.71115 3.72236 3.73374 3.74426 3.75297 3.759 3.76174 3.76081 3.75622 3.74833 
3.74033 3.72886 3.71689 3.7057 3.69647 3.6901 3.68719 3.68792 3.69213 3.69935 3.70884 3.71972 3.73101 3.74169 3.75079 3.75743 3.76094 3.76088 3.75718 3.7501 
3.74258 3.73155 3.71974 3.70841 3.69875 3.69173 3.68802 3.68789 3.69127 3.69775 3.70667 3.71718 3.72832 3.7391 3.74853 3.75573 3.75996 3.76075 3.75792 3.75167 
3.74466 3.73412 3.72254 3.71114 3.70112 3.6935 3.68903 3.68806 3.6906 3.69633 3.70464 3.71473 3.72568 3.73649 3.7462 3.7539 3.75882 3.76042 3.75846 3.75305 
3.74656 3.73657 3.72528 3.71387 3.70356 3.69541 3.69021 3.68843 3.69014 3.69509 3.70276 3.71239 3.72309 3.73389 3.74382 3.75196 3.75751 3.75989 3.75879 3.75421 
3.74828 3.73888 3.72794 3.7166 3.70607 3.69744 3.69157 3.68899 3.68987 3.69404 3.70104 3.71017 3.72057 3.7313 3.74139 3.74992 3.75606 3.75919 3.75891 3.75518 
3.74982 3.74105 3.73051 3.7193 3.70861 3.69957 3.69307 3.68973 3.68979 3.69318 3.69948 3.70807 3.71813 3.72874 3.73894 3.7478 3.75448 3.75831 3.75884 3.75594 
3.75117 3.74305 3.73297 3.72196 3.71119 3.70179 3.69472 3.69064 3.68991 3.6925 3.6981 3.70611 3.71578 3.72622 3.73647 3.74561 3.75278 3.75726 3.75857 3.7565 
3.75232 3.7449 3.73532 3.72456 3.71378 3.70409 3.69649 3.69173 3.69022 3.69202 3.69689 3.7043 3.71354 3.72375 3.734 3.74336 3.75097 3.75607 3.75813 3.75686 
3.75328 3.74657 3.73754 3.7271 3.71636 3.70644 3.69838 3.69297 3.6907 3.69172 3.69585 3.70263 3.7114 3.72134 3.73154 3.74107 3.74906 3.75473 3.7575 3.75703 
3.75406 3.74807 3.73962 3.72955 3.71892 3.70885 3.70038 3.69436 3.69137 3.69161 3.69499 3.70112 3.70939 3.71901 3.7291 3.73875 3.74707 3.75327 3.75671 3.75701 
3.75464 3.74939 3.74156 3.73191 3.72145 3.71128 3.70246 3.69589 3.6922 3.69168 3.69431 3.69977 3.7075 3.71676 3.7267 3.73641 3.74501 3.75168 3.75577 3.75681 
3.75503 3.75053 3.74334 3.73415 3.72392 3.71372 3.70462 3.69755 3.69319 3.69192 3.6938 3.69858 3.70575 3.71461 3.72435 3.73407 3.74289 3.74999 3.75467 3.75643 
3.75524 3.75149 3.74497 3.73628 3.72634 3.71616 3.70683 3.69931 3.69433 3.69235 3.69348 3.69756 3.70413 3.71256 3.72205 3.73173 3.74073 3.74821 3.75344 3.75589 
3.75527 3.75227 3.74643 3.73829 3.72868 3.71859 3.7091 3.70118 3.69562 3.69294 3.69333 3.6967 3.70266 3.71062 3.71982 3.72942 3.73854 3.74635 3.75209 3.75518 
3.75513 3.75287 3.74772 3.74016 3.73093 3.72099 3.71139 3.70313 3.69703 3.69369 3.69336 3.69602 3.70135 3.7088 3.71767 3.72713 3.73633 3.74441 3.75062 3.75433 
3.75481 3.75329 3.74885 3.74188 3.73308 3.72335 3.7137 3.70515 3.69857 3.69459 3.69356 3.6955 3.70018 3.70711 3.7156 3.72489 3.73411 3.74242 3.74904 3.75333 
3.75434 3.75354 3.7498 3.74346 3.73512 3.72564 3.71601 3.70724 3.70022 3.69564 3.69392 3.69516 3.69918 3.70554 3.71364 3.72269 3.73189 3.74038 3.74738 3.7522 
3.75371 3.75361 3.75058 3.74488 3.73705 3.72787 3.71831 3.70937 3.70196 3.69683 3.69444 3.69498 3.69833 3.70412 3.71177 3.72056 3.72969 3.73831 3.74563 3.75094 
3.75294 3.75352 3.75119 3.74615 3.73885 3.73003 3.72059 3.71153 3.70379 3.69814 3.69511 3.69496 3.69764 3.70284 3.71002 3.71851 3.72751 3.73622 3.74381 3.74958 
3.75203 3.75326 3.75164 3.74726 3.74052 3.73209 3.72283 3.71371 3.70569 3.69957 3.69594 3.69511 3.69712 3.7017 3.70838 3.71653 3.72537 3.73411 3.74194 3.74811 
3.75099 3.75285 3.75191 3.7482 3.74205 3.73405 3.72502 3.7159 3.70765 3.7011 3.6969 3.69542 3.69675 3.70071 3.70687 3.71464 3.72328 3.73201 3.74002 3.74656 
3.74983 3.7523 3.75203 3.74898 3.74343 3.7359 3.72714 3.71808 3.70965 3.70273 3.69799 3.69588 3.69654 3.69987 3.70549 3.71285 3.72125 3.72992 3.73806 3.74492 
3.74857 3.7516 3.75198 3.74961 3.74467 3.73763 3.7292 3.72024 3.71169 3.70444 3.69921 3.69648 3.69649 3.69918 3.70424 3.71116 3.71928 3.72785 3.73608 3.74321 
3.7472 3.75078 3.75178 3.75007 3.74575 3.73924 3.73117 3.72237 3.71376 3.70622 3.70053 3.69723 3.6966 3.69865 3.70313 3.70958 3.71738 3.72581 3.73409 3.74145 
3.74575 3.74982 3.75143 3.75037 3.74669 3.74072 3.73305 3.72445 3.71582 3.70807 3.70196 3.69811 3.69686 3.69827 3.70216 3.70812 3.71557 3.72382 3.7321 3.73964 
3.74422 3.74876 3.75094 3.75052 3.74747 3.74207 3.73482 3.72648 3.71789 3.70995 3.70348 3.69912 3.69726 3.69803 3.70133 3.70678 3.71385 3.72187 3.73011 3.7378 
3.74262 3.74759 3.75032 3.75051 3.7481 3.74327 3.73649 3.72844 3.71994 3.71188 3.70509 3.70024 3.6978 3.69795 3.70064 3.70556 3.71222 3.71999 3.72814 3.73593 
3.74097 3.74632 3.74957 3.75036 3.74857 3.74434 3.73805 3.73032 3.72196 3.71382 3.70676 3.70147 3.69847 3.69802 3.7001 3.70448 3.7107 3.71818 3.7262 3.73404 
3.73926 3.74496 3.7487 3.75007 3.7489 3.74526 3.73948 3.73212 3.72394 3.71578 3.70849 3.7028 3.69928 3.69823 3.69971 3.70353 3.70929 3.71644 3.7243 3.73215 
3.73752 3.74353 3.74772 3.74964 3.74908 3.74604 3.74078 3.73383 3.72587 3.71773 3.71026 3.70422 3.7002 3.69858 3.69945 3.70271 3.70799 3.71478 3.72245 3.73027 
3.73575 3.74203 3.74663 3.74909 3.74911 3.74667 3.74196 3.73543 3.72774 3.71968 3.71208 3.70572 3.70124 3.69906 3.69934 3.70203 3.70681 3.71322 3.72065 3.7284 
3.73397 3.74048 3.74546 3.74841 3.74901 3.74716 3.743 3.73693 3.72954 3.72159 3.71391 3.70729 3.70238 3.69967 3.69937 3.70148 3.70575 3.71175 3.71891 3.72655 
3.73218 3.73888 3.74419 3.74761 3.74877 3.74751 3.74391 3.73831 3.73126 3.72348 3.71576 3.70891 3.70362 3.7004 3.69954 3.70107 3.70482 3.71039 3.71724 3.72474 
3.73039 3.73723 3.74286 3.74671 3.7484 3.74771 3.74468 3.73958 3.7329 3.72532 3.71761 3.71058 3.70495 3.70125 3.69984 3.7008 3.70401 3.70913 3.71566 3.72297 
3.72861 3.73557 3.74145 3.74571 3.7479 3.74778 3.74532 3.74073 3.73444 3.7271 3.71945 3.71229 3.70635 3.70221 3.70026 3.70067 3.70334 3.70799 3.71415 3.72125 
3.72686 3.73388 3.73999 3.74462 3.74729 3.74771 3.74582 3.74175 3.73589 3.72882 3.72127 3.71402 3.70782 3.70327 3.70081 3.70066 3.70279 3.70696 3.71274 3.71959 
3.72513 3.73218 3.73848 3.74344 3.74656 3.74752 3.74618 3.74264 3.73723 3.73047 3.72307 3.71577 3.70934 3.70442 3.70148 3.70079 3.70237 3.70604 3.71142 3.71799 
3.72344 3.73048 3.73694 3.74219 3.74574 3.7472 3.74641 3.7434 3.73845 3.73204 3.72482 3.71752 3.71091 3.70565 3.70226 3.70104 3.70208 3.70525 3.7102 3.71647 
3.7218 3.7288 3.73536 3.74088 3.74481 3.74676 3.74651 3.74404 3.73957 3.73352 3.72652 3.71927 3.71252 3.70696 3.70314 3.70142 3.70193 3.70458 3.70909 3.71502 
3.72021 3.72713 3.73377 3.73951 3.7438 3.74621 3.74648 3.74454 3.74056 3.73491 3.72816 3.721 3.71415 3.70834 3.70412 3.70191 3.70189 3.70403 3.70809 3.71366 
3.71868 3.72548 3.73216 3.73809 3.74271 3.74555 3.74633 3.74492 3.74144 3.73621 3.72974 3.7227 3.7158 3.70977 3.70519 3.70252 3.70198 3.70361 3.7072 3.71239 
3.71722 3.72387 3.73055 3.73663 3.74154 3.74479 3.74606 3.74517 3.74219 3.73739 3.73124 3.72436 3.71746 3.71124 3.70634 3.70323 3.7022 3.7033 3.70642 3.71121 
3.71583 3.72231 3.72895 3.73515 3.74031 3.74394 3.74567 3.7453 3.74283 3.73848 3.73267 3.72599 3.71911 3.71276 3.70756 3.70404 3.70252 3.70312 3.70575 3.71013 
3.71452 3.72079 3.72736 3.73364 3.73903 3.74301 3.74518 3.7453 3.74334 3.73945 3.73401 3.72755 3.72075 3.7143 3.70885 3.70495 3.70297 3.70307 3.70521 3.70916 
3.7133 3.71932 3.7258 3.73212 3.73769 3.74199 3.74458 3.74519 3.74373 3.74031 3.73525 3.72906 3.72237 3.71586 3.71019 3.70594 3.70351 3.70312 3.70478 3.70829 
3.71216 3.71792 3.72426 3.7306 3.73632 3.7409 3.74389 3.74496 3.74399 3.74105 3.7364 3.73051 3.72396 3.71742 3.71158 3.70701 3.70417 3.7033 3.70446 3.70752 
3.71111 3.71659 3.72277 3.72908 3.73492 3.73975 3.7431 3.74462 3.74414 3.74168 3.73745 3.73187 3.7255 3.71899 3.71301 3.70815 3.70491 3.70358 3.70427 3.70687 
3.71017 3.71533 3.72132 3.72757 3.7335 3.73855 3.74224 3.74418 3.74418 3.74219 3.7384 3.73316 3.727 3.72054 3.71446 3.70936 3.70575 3.70398 3.70418 3.70632 
3.70932 3.71415 3.71992 3.72608 3.73206 3.7373 3.74129 3.74364 3.7441 3.74259 3.73924 3.73436 3.72844 3.72208 3.71593 3.71062 3.70667 3.70447 3.70421 3.70589 
3.70857 3.71305 3.71857 3.72462 3.73062 3.73601 3.74028 3.74301 3.74391 3.74287 3.73997 3.73547 3.72982 3.72359 3.71741 3.71192 3.70767 3.70506 3.70435 3.70557 
3.70792 3.71204 3.71729 3.72319 3.72918 3.73469 3.73921 3.74229 3.74362 3.74305 3.7406 3.73649 3.73113 3.72506 3.71889 3.71326 3.70873 3.70575 3.7046 3.70535 
3.70738 3.71111 3.71608 3.7218 3.72774 3.73334 3.73808 3.74149 3.74323 3.74311 3.74111 3.73741 3.73237 3.72649 3.72037 3.71463 3.70986 3.70652 3.70494 3.70525 
3.70694 3.71029 3.71494 3.72046 3.72633 3.73199 3.73691 3.74061 3.74274 3.74306 3.74151 3.73823 3.73353 3.72787 3.72182 3.71602 3.71104 3.70738 3.70539 3.70525 
3.70661 3.70955 3.71388 3.71918 3.72493 3.73062 3.73569 3.73967 3.74216 3.74291 3.74181 3.73895 3.7346 3.72919 3.72326 3.71742 3.71226 3.7083 3.70593 3.70536 
3.70638 3.70892 3.7129 3.71795 3.72357 3.72925 3.73445 3.73867 3.7415 3.74266 3.742 3.73957 3.73559 3.73045 3.72466 3.71882 3.71352 3.7093 3.70656 3.70556 
3.70626 3.70838 3.71201 3.71678 3.72225 3.72789 3.73318 3.73761 3.74076 3.74231 3.74209 3.74008 3.73648 3.73164 3.72602 3.72022 3.71481 3.71035 3.70727 3.70587 
3.70624 3.70794 3.7112 3.71569 3.72097 3.72654 3.73189 3.73651 3.73995 3.74187 3.74207 3.74049 3.73729 3.73275 3.72734 3.7216 3.71612 3.71145 3.70806 3.70627 
3.70632 3.70761 3.71048 3.71466 3.71973 3.72522 3.7306 3.73537 3.73908 3.74135 3.74195 3.7408 3.73799 3.73379 3.7286 3.72296 3.71744 3.7126 3.70892 3.70676 
3.70649 3.70737 3.70986 3.71372 3.71856 3.72392 3.7293 3.7342 3.73814 3.74074 3.74174 3.74101 3.7386 3.73474 3.72981 3.7243 3.71877 3.71379 3.70985 3.70734 
3.70676 3.70723 3.70933 3.71285 3.71744 3.72266 3.72801 3.733 3.73716 3.74006 3.74143 3.74111 3.73911 3.73561 3.73095 3.7256 3.72009 3.715 3.71083 3.70799 
3.70712 3.70718 3.70889 3.71206 3.71638 3.72143 3.72673 3.73179 3.73612 3.73931 3.74104 3.74112 3.73953 3.73639 3.73203 3.72686 3.72141 3.71624 3.71186 3.70872 
3.70756 3.70723 3.70855 3.71136 3.71539 3.72025 3.72547 3.73057 3.73505 3.7385 3.74057 3.74104 3.73984 3.73709 3.73303 3.72806 3.7227 3.71748 3.71294 3.70952 
3.70809 3.70738 3.7083 3.71075 3.71448 3.71912 3.72424 3.72934 3.73395 3.73763 3.74001 3.74086 3.74006 3.73769 3.73395 3.72922 3.72397 3.71874 3.71405 3.71038 
3.70869 3.70761 3.70814 3.71023 3.71364 3.71805 3.72303 3.72811 3.73282 3.73671 3.73939 3.74059 3.74019 3.73819 3.73479 3.73032 3.72521 3.71999 3.7152 3.7113 
3.70936 3.70793 3.70808 3.70979 3.71288 3.71703 3.72186 3.7269 3.73168 3.73574 3.73869 3.74024 3.74022 3.73861 3.73555 3.73135 3.72641 3.72124 3.71636 3.71227 
3.71011 3.70833 3.70811 3.70944 3.71219 3.71608 3.72073 3.7257 3.73052 3.73473 3.73794 3.73981 3.74016 3.73893 3.73623 3.73231 3.72757 3.72247 3.71754 3.71328 
3.71091 3.70881 3.70822 3.70919 3.71159 3.7152 3.71965 3.72452 3.72935 3.7337 3.73712 3.73931 3.74001 3.73916 3.73682 3.73321 3.72867 3.72368 3.71873 3.71432 
3.71176 3.70936 3.70842 3.70902 3.71107 3.71438 3.71862 3.72337 3.72819 3.73263 3.73626 3.73873 3.73978 3.73931 3.73732 3.73402 3.72973 3.72486 3.71992 3.7154 
3.71267 3.70998 3.7087 3.70894 3.71064 3.71364 3.71764 3.72225 3.72704 3.73155 3.73536 3.73809 3.73947 3.73936 3.73774 3.73476 3.73072 3.726 3.7211 3.7165 
3.71361 3.71067 3.70907 3.70894 3.71029 3.71298 3.71672 3.72117 3.7259 3.73046 3.73441 3.73739 3.73909 3.73933 3.73807 3.73543 3.73165 3.72711 3.72227 3.71761 
3.7146 3.71142 3.7095 3.70903 3.71003 3.71239 3.71587 3.72013 3.72477 3.72935 3.73344 3.73663 3.73863 3.73921 3.73831 3.73601 3.73251 3.72817 3.72342 3.71873 
3.71561 3.71221 3.71001 3.7092 3.70985 3.71188 3.71508 3.71914 3.72368 3.72825 3.73244 3.73583 3.7381 3.73901 3.73847 3.7365 3.7333 3.72918 3.72454 3.71986 
3.71664 3.71306 3.71058 3.70945 3.70975 3.71145 3.71436 3.71821 3.72261 3.72716 3.73142 3.73498 3.73751 3.73874 3.73854 3.73692 3.73402 3.73013 3.72563 3.72098 
3.71769 3.71395 3.71122 3.70977 3.70974 3.7111 3.71371 3.71732 3.72158 3.72607 3.73038 3.7341 3.73686 3.73839 3.73853 3.73725 3.73467 3.73103 3.72669 3.72209 
3.71875 3.71487 3.71191 3.71017 3.7098 3.71083 3.71314 3.7165 3.72058 3.725 3.72934 3.73318 3.73615 3.73797 3.73844 3.7375 3.73524 3.73186 3.7277 3.72318 
3.71982 3.71582 3.71266 3.71063 3.70994 3.71064 3.71264 3.71574 3.71963 3.72396 3.7283 3.73224 3.7354 3.73749 3.73827 3.73767 3.73573 3.73262 3.72867 3.72425 
3.72088 3.71679 3.71345 3.71116 3.71016 3.71053 3.71221 3.71504 3.71873 3.72294 3.72726 3.73127 3.73461 3.73694 3.73803 3.73776 3.73614 3.73332 3.72958 3.72529 
3.72193 3.71779 3.71428 3.71175 3.71045 3.71049 3.71186 3.71441 3.71788 3.72195 3.72622 3.7303 3.73378 3.73634 3.73772 3.73777 3.73647 3.73395 3.73044 3.7263 
3.72297 3.71879 3.71514 3.71239 3.71081 3.71054 3.71159 3.71385 3.71709 3.721 3.72521 3.72931 3.73292 3.73569 3.73734 3.7377 3.73673 3.73451 3.73125 3.72727 
3.72399 3.71979 3.71604 3.71309 3.71123 3.71065 3.71139 3.71335 3.71635 3.72009 3.72421 3.72832 3.73203 3.73499 3.7369 3.73756 3.73691 3.73499 3.73199 3.7282 
3.72498 3.7208 3.71695 3.71382 3.71172 3.71084 3.71127 3.71293 3.71568 3.71923 3.72324 3.72734 3.73113 3.73425 3.73639 3.73735 3.73701 3.7354 3.73267 3.72907 
3.72594 3.7218 3.71789 3.7146 3.71226 3.7111 3.71122 3.71258 3.71506 3.71841 3.7223 3.72636 3.7302 3.73347 3.73584 3.73707 3.73704 3.73574 3.73328 3.7299 
3.72687 3.72278 3.71883 3.71541 3.71286 3.71143 3.71124 3.71231 3.71451 3.71764 3.72139 3.72539 3.72927 3.73266 3.73523 3.73673 3.737 3.736 3.73382 3.73068 
3.72776 3.72375 3.71979 3.71625 3.71351 3.71181 3.71133 3.7121 3.71403 3.71693 3.72051 3.72444 3.72833 3.73183 3.73458 3.73633 3.73688 3.73619 3.7343 3.73139 
3.7286 3.7247 3.72074 3.71712 3.71419 3.71226 3.7115 3.71197 3.71362 3.71628 3.71968 3.72351 3.7274 3.73097 3.73389 3.73587 3.7367 3.73631 3.73471 3.73205 
3.7294 3.72562 3.72168 3.718 3.71492 3.71276 3.71173 3.7119 3.71327 3.71568 3.7189 3.72261 3.72647 3.7301 3.73316 3.73535 3.73645 3.73635 3.73504 3.73265 
3.73014 3.7265 3.72262 3.71889 3.71568 3.71331 3.71202 3.71191 3.71299 3.71515 3.71816 3.72174 3.72555 3.72922 3.7324 3.73479 3.73615 3.73633 3.73531 3.73318 
3.73084 3.72735 3.72354 3.71979 3.71647 3.71391 3.71237 3.71198 3.71278 3.71467 3.71747 3.72091 3.72465 3.72833 3.73162 3.73418 3.73578 3.73624 3.73551 3.73365 
3.73147 3.72816 3.72444 3.72069 3.71728 3.71456 3.71278 3.71212 3.71264 3.71426 3.71684 3.72011 3.72376 3.72745 3.73081 3.73354 3.73536 3.73608 3.73563 3.73405 
3.73205 3.72893 3.72532 3.72159 3.71811 3.71523 3.71324 3.71232 3.71256 3.71392 3.71626 3.71935 3.7229 3.72656 3.72999 3.73286 3.73488 3.73586 3.73569 3.73438 
3.73257 3.72965 3.72617 3.72248 3.71895 3.71595 3.71375 3.71259 3.71255 3.71364 3.71574 3.71864 3.72207 3.72569 3.72916 3.73215 3.73436 3.73558 3.73569 3.73465 
3.73303 3.73032 3.72698 3.72335 3.71981 3.71669 3.71431 3.71291 3.7126 3.71342 3.71528 3.71798 3.72127 3.72483 3.72832 3.73141 3.7338 3.73525 3.73562 3.73486 
3.73343 3.73093 3.72776 3.72421 3.72066 3.71745 3.71491 3.71328 3.71272 3.71327 3.71488 3.71737 3.72051 3.72399 3.72748 3.73065 3.7332 3.73486 3.73548 3.73499 
3.73376 3.73149 3.72849 3.72505 3.72151 3.71823 3.71554 3.71371 3.7129 3.71318 3.71453 3.71681 3.71978 3.72317 3.72664 3.72988 3.73256 3.73443 3.73529 3.73507 
3.73403 3.732 3.72918 3.72586 3.72235 3.71903 3.71621 3.71418 3.71313 3.71316 3.71425 3.7163 3.7191 3.72237 3.72581 3.72909 3.73189 3.73394 3.73504 3.73508 
3.73424 3.73245 3.72983 3.72663 3.72319 3.71983 3.71691 3.7147 3.71342 3.71319 3.71403 3.71585 3.71846 3.72161 3.72499 3.7283 3.7312 3.73342 3.73474 3.73503 
3.73438 3.73284 3.73042 3.72738 3.724 3.72064 3.71762 3.71525 3.71376 3.71329 3.71388 3.71545 3.71786 3.72087 3.72419 3.7275 3.73049 3.73286 3.73439 3.73492 
3.73447 3.73317 3.73097 3.72808 3.7248 3.72145 3.71836 3.71585 3.71415 3.71344 3.71378 3.71512 3.71732 3.72018 3.72341 3.72671 3.72976 3.73226 3.73399 3.73475 
3.73449 3.73344 3.73146 3.72875 3.72557 3.72225 3.71911 3.71647 3.71459 3.71365 3.71374 3.71484 3.71683 3.71952 3.72265 3.72592 3.72901 3.73164 3.73354 3.73453 
3.73446 3.73365 3.7319 3.72937 3.72631 3.72304 3.71987 3.71712 3.71507 3.71391 3.71376 3.71461 3.71639 3.7189 3.72192 3.72514 3.72826 3.73099 3.73305 3.73425 
3.73437 3.73381 3.73228 3.72995 3.72703 3.72382 3.72063 3.7178 3.71559 3.71423 3.71384 3.71445 3.716 3.71833 3.72121 3.72438 3.72751 3.73032 3.73253 3.73393 
3.73423 3.7339 3.73261 3.73047 3.7277 3.72457 3.7214 3.71849 3.71614 3.71459 3.71397 3.71434 3.71567 3.7178 3.72055 3.72363 3.72676 3.72963 3.73198 3.73356 
3.73403 3.73394 3.73288 3.73095 3.72834 3.72531 3.72216 3.7192 3.71673 3.71499 3.71415 3.71429 3.71539 3.71732 3.71991 3.7229 3.72601 3.72893 3.73139 3.73315 
3.73378 3.73392 3.7331 3.73138 3.72894 3.72602 3.72291 3.71991 3.71734 3.71544 3.71439 3.7143 3.71516 3.71689 3.71932 3.7222 3.72527 3.72822 3.73078 3.7327 
3.73349 3.73385 3.73326 3.73176 3.7295 3.7267 3.72365 3.72064 3.71797 3.71592 3.71467 3.71436 3.71499 3.71651 3.71877 3.72153 3.72454 3.72751 3.73015 3.73221 
3.73315 3.73373 3.73336 3.73208 3.73001 3.72735 3.72437 3.72136 3.71862 3.71643 3.715 3.71447 3.71488 3.71619 3.71826 3.72089 3.72383 3.7268 3.7295 3.73169 
3.73277 3.73355 3.73341 3.73235 3.73048 3.72797 3.72507 3.72208 3.71929 3.71698 3.71538 3.71463 3.71482 3.71591 3.71779 3.72028 3.72314 3.72609 3.72884 3.73115 
3.73235 3.73333 3.73341 3.73257 3.73089 3.72854 3.72575 3.72279 3.71997 3.71755 3.71579 3.71485 3.71481 3.71568 3.71737 3.71971 3.72247 3.72538 3.72817 3.73058 
3.7319 3.73306 3.73335 3.73273 3.73126 3.72908 3.7264 3.7235 3.72065 3.71815 3.71624 3.7151 3.71486 3.71551 3.717 3.71918 3.72182 3.72469 3.7275 3.72998 
3.73142 3.73275 3.73325 3.73285 3.73158 3.72958 3.72703 3.72418 3.72133 3.71876 3.71672 3.71541 3.71495 3.71539 3.71668 3.71868 3.72121 3.72401 3.72682 3.72937 
3.73091 3.7324 3.73309 3.73291 3.73185 3.73003 3.72762 3.72485 3.72202 3.71939 3.71723 3.71575 3.71509 3.71532 3.7164 3.71823 3.72062 3.72335 3.72615 3.72875 
3.73037 3.73202 3.7329 3.73292 3.73207 3.73044 3.72817 3.7255 3.72269 3.72002 3.71776 3.71613 3.71528 3.7153 3.71618 3.71782 3.72007 3.72271 3.72548 3.72812 
3.72981 3.7316 3.73265 3.73288 3.73224 3.7308 3.72869 3.72613 3.72336 3.72067 3.71832 3.71655 3.71552 3.71533 3.716 3.71746 3.71956 3.72209 3.72482 3.72748 
3.72924 3.73115 3.73237 3.73279 3.73236 3.73111 3.72917 3.72672 3.72402 3.72132 3.7189 3.71699 3.71579 3.71541 3.71588 3.71714 3.71908 3.7215 3.72418 3.72684 
3.72865 3.73067 3.73205 3.73266 3.73243 3.73138 3.72961 3.72729 3.72466 3.72196 3.71949 3.71747 3.71611 3.71553 3.7158 3.71687 3.71864 3.72094 3.72354 3.7262 
3.72806 3.73017 3.73169 3.73248 3.73245 3.7316 3.73 3.72782 3.72527 3.72261 3.72009 3.71797 3.71646 3.7157 3.71577 3.71665 3.71825 3.72041 3.72293 3.72557 
3.72745 3.72964 3.7313 3.73226 3.73242 3.73177 3.73036 3.72832 3.72587 3.72324 3.7207 3.71849 3.71685 3.71591 3.71579 3.71647 3.71789 3.71992 3.72234 3.72494 
3.72685 3.72911 3.73088 3.732 3.73235 3.73189 3.73066 3.72879 3.72644 3.72387 3.72131 3.71904 3.71726 3.71617 3.71585 3.71634 3.71758 3.71946 3.72178 3.72432 
3.72624 3.72855 3.73044 3.73171 3.73224 3.73197 3.73093 3.72921 3.72699 3.72447 3.72192 3.71959 3.71771 3.71646 3.71596 3.71625 3.71732 3.71903 3.72124 3.72372 
3.72564 3.72799 3.72997 3.73138 3.73208 3.732 3.73115 3.7296 3.7275 3.72507 3.72253 3.72016 3.71818 3.71678 3.71611 3.71621 3.71709 3.71865 3.72073 3.72314 
3.72504 3.72742 3.72948 3.73101 3.73188 3.73199 3.73132 3.72994 3.72798 3.72564 3.72314 3.72073 3.71867 3.71714 3.7163 3.71622 3.71691 3.7183 3.72025 3.72257 
3.72446 3.72685 3.72897 3.73062 3.73165 3.73193 3.73145 3.73024 3.72843 3.72618 3.72373 3.72131 3.71918 3.71753 3.71652 3.71627 3.71678 3.718 3.71981 3.72203 
3.72388 3.72627 3.72845 3.73021 3.73137 3.73183 3.73153 3.7305 3.72884 3.72671 3.72431 3.7219 3.7197 3.71794 3.71679 3.71636 3.71669 3.71773 3.7194 3.72152 
3.72333 3.7257 3.72792 3.72977 3.73107 3.73169 3.73158 3.73072 3.72921 3.7272 3.72487 3.72247 3.72023 3.71838 3.71709 3.71649 3.71664 3.71751 3.71902 3.72103 
3.72279 3.72513 3.72738 3.72931 3.73074 3.73152 3.73157 3.7309 3.72955 3.72766 3.72542 3.72305 3.72078 3.71884 3.71742 3.71666 3.71663 3.71733 3.71869 3.72057 
3.72227 3.72458 3.72684 3.72883 3.73037 3.7313 3.73153 3.73103 3.72985 3.72809 3.72594 3.72361 3.72132 3.71932 3.71778 3.71687 3.71667 3.71719 3.71839 3.72014 
3.72177 3.72403 3.72629 3.72834 3.72998 3.73106 3.73145 3.73112 3.7301 3.72849 3.72644 3.72416 3.72187 3.71981 3.71817 3.71711 3.71675 3.7171 3.71813 3.71974 
3.7213 3.7235 3.72575 3.72784 3.72957 3.73078 3.73133 3.73117 3.73032 3.72885 3.72692 3.7247 3.72242 3.72031 3.71858 3.71739 3.71686 3.71704 3.71791 3.71938 
3.72086 3.72298 3.72521 3.72733 3.72914 3.73047 3.73117 3.73118 3.7305 3.72918 3.72736 3.72522 3.72297 3.72082 3.71901 3.71769 3.71701 3.71703 3.71773 3.71905 
3.72045 3.72249 3.72468 3.72682 3.7287 3.73013 3.73097 3.73115 3.73063 3.72947 3.72778 3.72572 3.7235 3.72134 3.71946 3.71803 3.7172 3.71705 3.71759 3.71876 
3.72006 3.72201 3.72416 3.72631 3.72824 3.72977 3.73075 3.73108 3.73073 3.72973 3.72816 3.7262 3.72403 3.72186 3.71992 3.71839 3.71742 3.71711 3.71749 3.7185 
3.71971 3.72156 3.72365 3.72579 3.72776 3.72938 3.73049 3.73097 3.73079 3.72994 3.72852 3.72666 3.72454 3.72238 3.72039 3.71877 3.71768 3.71721 3.71743 3.71829 
3.71939 3.72113 3.72316 3.72528 3.72728 3.72898 3.7302 3.73083 3.7308 3.73012 3.72884 3.72709 3.72504 3.7229 3.72088 3.71917 3.71796 3.71735 3.7174 3.71811 
3.71911 3.72074 3.72269 3.72478 3.7268 3.72856 3.72989 3.73066 3.73078 3.73026 3.72912 3.72749 3.72552 3.72341 3.72137 3.7196 3.71827 3.71752 3.71742 3.71796 
3.71886 3.72037 3.72223 3.72428 3.72631 3.72813 3.72955 3.73045 3.73073 3.73036 3.72937 3.72786 3.72598 3.72391 3.72186 3.72003 3.71861 3.71772 3.71747 3.71786 
3.71864 3.72002 3.7218 3.7238 3.72582 3.72768 3.7292 3.73021 3.73064 3.73042 3.72958 3.7282 3.72641 3.7244 3.72235 3.72048 3.71896 3.71796 3.71755 3.71779 
3.71846 3.71971 3.72139 3.72333 3.72534 3.72723 3.72882 3.72995 3.73051 3.73045 3.72976 3.72851 3.72683 3.72487 3.72284 3.72093 3.71934 3.71822 3.71767 3.71776 
3.71832 3.71944 3.72101 3.72287 3.72486 3.72677 3.72842 3.72966 3.73035 3.73044 3.7299 3.72879 3.72721 3.72533 3.72332 3.72139 3.71973 3.7185 3.71783 3.71776 
3.71821 3.71919 3.72065 3.72244 3.72439 3.72631 3.72802 3.72935 3.73016 3.73039 3.73 3.72903 3.72757 3.72577 3.7238 3.72186 3.72014 3.71882 3.71801 3.7178 
3.71814 3.71898 3.72032 3.72202 3.72393 3.72585 3.7276 3.72901 3.72995 3.73031 3.73007 3.72924 3.7279 3.72619 3.72426 3.72233 3.72056 3.71915 3.71822 3.71788 
3.7181 3.7188 3.72002 3.72163 3.72348 3.72539 3.72717 3.72866 3.7297 3.7302 3.7301 3.72942 3.7282 3.72658 3.72472 3.72279 3.72099 3.7195 3.71847 3.71798 
3.7181 3.71866 3.71975 3.72126 3.72304 3.72493 3.72674 3.72829 3.72943 3.73006 3.7301 3.72956 3.72847 3.72696 3.72516 3.72325 3.72143 3.71987 3.71873 3.71812 
3.71813 3.71855 3.71951 3.72091 3.72263 3.72448 3.7263 3.72791 3.72914 3.72989 3.73007 3.72966 3.72871 3.7273 3.72558 3.7237 3.72187 3.72025 3.71902 3.71829 
3.71819 3.71847 3.7193 3.72059 3.72223 3.72404 3.72586 3.72751 3.72883 3.72969 3.73 3.72974 3.72892 3.72762 3.72598 3.72415 3.72231 3.72065 3.71933 3.71848 
3.71828 3.71842 3.71912 3.7203 3.72185 3.72362 3.72543 3.72711 3.7285 3.72947 3.72991 3.72978 3.72909 3.72791 3.72636 3.72458 3.72275 3.72105 3.71966 3.71871 
3.7184 3.71841 3.71898 3.72004 3.72149 3.7232 3.725 3.7267 3.72816 3.72922 3.72978 3.72979 3.72924 3.72818 3.72672 3.725 3.72319 3.72147 3.72001 3.71895 
3.71855 3.71843 3.71886 3.7198 3.72116 3.7228 3.72457 3.72629 3.7278 3.72895 3.72962 3.72976 3.72935 3.72841 3.72705 3.7254 3.72362 3.72188 3.72037 3.71922 
3.71873 3.71848 3.71878 3.7196 3.72085 3.72242 3.72415 3.72587 3.72743 3.72866 3.72944 3.72971 3.72942 3.72861 3.72736 3.72578 3.72404 3.7223 3.72074 3.71951 
3.71894 3.71856 3.71873 3.71942 3.72057 3.72206 3.72374 3.72546 3.72705 3.72835 3.72924 3.72962 3.72947 3.72879 3.72764 3.72615 3.72445 3.72272 3.72112 3.71982 
3.71917 3.71867 3.71871 3.71928 3.72031 3.72171 3.72335 3.72505 3.72666 3.72802 3.72901 3.72951 3.72948 3.72893 3.7279 3.72649 3.72485 3.72313 3.72151 3.72014 
3.71941 3.71881 3.71873 3.71917 3.72009 3.72139 3.72296 3.72464 3.72627 3.72769 3.72876 3.72937 3.72947 3.72904 3.72813 3.72682 3.72523 3.72354 3.7219 3.72048 
3.71968 3.71897 3.71877 3.71908 3.71988 3.7211 3.7226 3.72425 3.72588 3.72734 3.72848 3.7292 3.72942 3.72912 3.72833 3.72711 3.7256 3.72394 3.7223 3.72083 
3.71997 3.71916 3.71884 3.71903 3.71971 3.72082 3.72225 3.72386 3.72549 3.72698 3.7282 3.72901 3.72935 3.72917 3.7285 3.72739 3.72595 3.72433 3.72269 3.72119 
3.72027 3.71937 3.71893 3.719 3.71957 3.72057 3.72192 3.72348 3.7251 3.72662 3.72789 3.7288 3.72925 3.7292 3.72864 3.72764 3.72628 3.72471 3.72308 3.72155 
3.72059 3.7196 3.71906 3.71901 3.71945 3.72035 3.72161 3.72311 3.72471 3.72625 3.72758 3.72857 3.72912 3.72919 3.72875 3.72786 3.7266 3.72508 3.72347 3.72192 
3.72092 3.71985 3.71921 3.71904 3.71936 3.72015 3.72132 3.72276 3.72433 3.72588 3.72725 3.72832 3.72897 3.72915 3.72884 3.72806 3.72688 3.72544 3.72385 3.7223 
3.72126 3.72012 3.71938 3.7191 3.71931 3.71998 3.72106 3.72243 3.72396 3.72551 3.72691 3.72805 3.7288 3.72909 3.72889 3.72823 3.72715 3.72577 3.72423 3.72267 
3.7216 3.7204 3.71957 3.71918 3.71928 3.71984 3.72082 3.72211 3.7236 3.72514 3.72657 3.72777 3.7286 3.729 3.72892 3.72837 3.72739 3.72609 3.72459 3.72304 
3.72195 3.7207 3.71979 3.71929 3.71927 3.71972 3.7206 3.72181 3.72325 3.72477 3.72622 3.72747 3.72839 3.72889 3.72892 3.72848 3.72761 3.72639 3.72494 3.72341 
3.7223 3.72101 3.72002 3.71943 3.7193 3.71963 3.72041 3.72154 3.72292 3.72441 3.72587 3.72716 3.72815 3.72875 3.7289 3.72857 3.7278 3.72667 3.72528 3.72378 
3.72266 3.72133 3.72027 3.71959 3.71935 3.71957 3.72024 3.72128 3.7226 3.72406 3.72552 3.72685 3.7279 3.72859 3.72884 3.72863 3.72797 3.72693 3.7256 3.72413 
3.72301 3.72165 3.72053 3.71976 3.71942 3.71954 3.7201 3.72105 3.72229 3.72371 3.72517 3.72652 3.72764 3.72841 3.72877 3.72866 3.72811 3.72716 3.72591 3.72448 
3.72336 3.72198 3.72081 3.71996 3.71952 3.71953 3.71998 3.72083 3.722 3.72338 3.72482 3.72619 3.72736 3.72821 3.72866 3.72867 3.72822 3.72737 3.7262 3.72482 
3.72371 3.72232 3.7211 3.72018 3.71964 3.71954 3.71989 3.72065 3.72174 3.72306 3.72448 3.72586 3.72707 3.728 3.72854 3.72865 3.72831 3.72756 3.72647 3.72514 
3.72405 3.72265 3.7214 3.72041 3.71979 3.71958 3.71982 3.72048 3.72149 3.72275 3.72414 3.72553 3.72678 3.72776 3.72839 3.7286 3.72837 3.72772 3.72671 3.72545 
3.72438 3.72299 3.7217 3.72066 3.71995 3.71965 3.71978 3.72034 3.72126 3.72246 3.72381 3.72519 3.72647 3.72752 3.72823 3.72854 3.72841 3.72786 3.72694 3.72574 
3.7247 3.72332 3.72202 3.72092 3.72013 3.71974 3.71977 3.72022 3.72106 3.72218 3.72349 3.72486 3.72616 3.72726 3.72804 3.72845 3.72842 3.72798 3.72715 3.72602 
3.72501 3.72365 3.72233 3.72119 3.72033 3.71985 3.71978 3.72013 3.72087 3.72192 3.72319 3.72454 3.72585 3.72698 3.72784 3.72833 3.72841 3.72807 3.72733 3.72628 
3.7253 3.72397 3.72265 3.72147 3.72055 3.71998 3.71981 3.72006 3.72071 3.72168 3.72289 3.72422 3.72553 3.7267 3.72762 3.7282 3.72838 3.72813 3.72749 3.72652 
3.72558 3.72428 3.72297 3.72176 3.72078 3.72013 3.71987 3.72002 3.72057 3.72146 3.72261 3.7239 3.72522 3.72642 3.72739 3.72805 3.72832 3.72818 3.72763 3.72674 
3.72585 3.72459 3.72328 3.72205 3.72102 3.7203 3.71995 3.72 3.72046 3.72126 3.72235 3.7236 3.7249 3.72612 3.72715 3.72788 3.72824 3.72819 3.72775 3.72694 
3.7261 3.72489 3.72359 3.72235 3.72128 3.72048 3.72005 3.72 3.72036 3.72108 3.7221 3.72331 3.72459 3.72583 3.7269 3.72769 3.72814 3.72819 3.72784 3.72712 
3.72633 3.72517 3.7239 3.72265 3.72154 3.72069 3.72017 3.72003 3.72029 3.72093 3.72187 3.72303 3.72429 3.72553 3.72663 3.72749 3.72802 3.72816 3.7279 3.72728 
3.72655 3.72544 3.7242 3.72295 3.72181 3.7209 3.7203 3.72008 3.72025 3.72079 3.72165 3.72276 3.72399 3.72523 3.72636 3.72727 3.72788 3.72811 3.72795 3.72741 
3.72674 3.7257 3.72449 3.72325 3.72209 3.72113 3.72046 3.72015 3.72022 3.72067 3.72146 3.7225 3.7237 3.72493 3.72609 3.72705 3.72772 3.72804 3.72797 3.72753 
3.72692 3.72594 3.72477 3.72355 3.72237 3.72137 3.72063 3.72024 3.72022 3.72058 3.72128 3.72226 3.72342 3.72464 3.72581 3.72681 3.72755 3.72795 3.72797 3.72762 
3.72707 3.72616 3.72505 3.72384 3.72265 3.72161 3.72082 3.72034 3.72024 3.72051 3.72113 3.72204 3.72315 3.72435 3.72552 3.72656 3.72736 3.72784 3.72795 3.72769 
3.7272 3.72637 3.7253 3.72412 3.72294 3.72187 3.72102 3.72047 3.72028 3.72046 3.72099 3.72183 3.72289 3.72406 3.72524 3.72631 3.72716 3.72771 3.72791 3.72774 
3.72732 3.72655 3.72555 3.7244 3.72322 3.72213 3.72123 3.72061 3.72034 3.72043 3.72088 3.72164 3.72265 3.72379 3.72496 3.72605 3.72695 3.72757 3.72785 3.72776 
3.72741 3.72673 3.72578 3.72467 3.7235 3.7224 3.72145 3.72077 3.72042 3.72042 3.72079 3.72147 3.72241 3.72352 3.72468 3.72578 3.72672 3.72741 3.72777 3.72777 
3.72748 3.72688 3.726 3.72493 3.72378 3.72266 3.72169 3.72095 3.72052 3.72044 3.72071 3.72132 3.7222 3.72326 3.7244 3.72552 3.72649 3.72723 3.72767 3.72775 
3.72753 3.72701 3.7262 3.72518 3.72405 3.72293 3.72193 3.72113 3.72063 3.72047 3.72066 3.72119 3.722 3.72301 3.72413 3.72525 3.72625 3.72704 3.72755 3.72772 
3.72756 3.72712 3.72638 3.72542 3.72432 3.7232 3.72217 3.72133 3.72076 3.72052 3.72063 3.72108 3.72182 3.72278 3.72387 3.72498 3.72601 3.72685 3.72742 3.72766 
3.72757 3.72721 3.72655 3.72564 3.72458 3.72347 3.72242 3.72154 3.72091 3.72059 3.72062 3.72098 3.72165 3.72256 3.72361 3.72471 3.72576 3.72664 3.72727 3.72759 
3.72756 3.72729 3.72669 3.72585 3.72483 3.72373 3.72268 3.72176 3.72107 3.72068 3.72063 3.72091 3.7215 3.72235 3.72337 3.72445 3.7255 3.72642 3.72711 3.7275 
3.72754 3.72734 3.72682 3.72604 3.72506 3.72399 3.72293 3.72198 3.72125 3.72079 3.72065 3.72086 3.72137 3.72216 3.72313 3.72419 3.72525 3.72619 3.72693 3.7274 
3.72749 3.72737 3.72693 3.72622 3.72529 3.72425 3.72319 3.72222 3.72143 3.72091 3.7207 3.72082 3.72126 3.72198 3.7229 3.72394 3.725 3.72596 3.72675 3.72727 
3.72742 3.72739 3.72703 3.72638 3.7255 3.72449 3.72344 3.72245 3.72163 3.72104 3.72076 3.7208 3.72117 3.72182 3.72269 3.7237 3.72474 3.72573 3.72655 3.72714 
3.72734 3.72738 3.7271 3.72652 3.7257 3.72473 3.72369 3.72269 3.72183 3.72119 3.72084 3.72081 3.72109 3.72167 3.72249 3.72346 3.7245 3.72549 3.72635 3.72699 
3.72725 3.72736 3.72715 3.72665 3.72589 3.72496 3.72394 3.72293 3.72204 3.72135 3.72094 3.72083 3.72104 3.72155 3.7223 3.72324 3.72425 3.72525 3.72614 3.72682 
3.72713 3.72732 3.72719 3.72676 3.72606 3.72517 3.72418 3.72317 3.72226 3.72153 3.72105 3.72087 3.721 3.72144 3.72213 3.72302 3.72401 3.72501 3.72592 3.72665 
3.72701 3.72726 3.72721 3.72685 3.72622 3.72538 3.72441 3.72341 3.72248 3.72171 3.72117 3.72092 3.72098 3.72134 3.72198 3.72281 3.72378 3.72477 3.7257 3.72647 
3.72687 3.72719 3.72721 3.72692 3.72636 3.72557 3.72464 3.72365 3.72271 3.7219 3.72131 3.72099 3.72098 3.72127 3.72184 3.72262 3.72355 3.72453 3.72547 3.72628 
3.72672 3.7271 3.72719 3.72698 3.72648 3.72575 3.72486 3.72389 3.72294 3.7221 3.72146 3.72108 3.72099 3.72121 3.72171 3.72244 3.72333 3.7243 3.72525 3.72608 
3.72656 3.727 3.72716 3.72702 3.72659 3.72592 3.72506 3.72412 3.72316 3.72231 3.72162 3.72118 3.72103 3.72117 3.7216 3.72228 3.72313 3.72407 3.72502 3.72587 
3.72639 3.72689 3.72711 3.72704 3.72668 3.72607 3.72526 3.72434 3.72339 3.72252 3.72179 3.7213 3.72108 3.72115 3.72151 3.72212 3.72293 3.72385 3.72479 3.72567 
3.72621 3.72676 3.72705 3.72705 3.72676 3.72621 3.72545 3.72456 3.72362 3.72273 3.72197 3.72142 3.72114 3.72114 3.72144 3.72199 3.72274 3.72363 3.72457 3.72545 
3.72602 3.72662 3.72697 3.72703 3.72681 3.72633 3.72562 3.72476 3.72384 3.72294 3.72216 3.72156 3.72122 3.72115 3.72138 3.72187 3.72257 3.72343 3.72434 3.72524 
3.72583 3.72647 3.72687 3.72701 3.72686 3.72643 3.72578 3.72496 3.72406 3.72316 3.72235 3.72171 3.72131 3.72118 3.72134 3.72176 3.72241 3.72323 3.72413 3.72502 
3.72563 3.72631 3.72677 3.72696 3.72688 3.72652 3.72593 3.72515 3.72427 3.72338 3.72255 3.72187 3.72142 3.72122 3.72131 3.72167 3.72226 3.72304 3.72391 3.72481 
3.72543 3.72614 3.72665 3.72691 3.72689 3.7266 3.72606 3.72533 3.72448 3.72359 3.72275 3.72204 3.72154 3.72128 3.7213 3.72159 3.72213 3.72286 3.72371 3.72459 
3.72523 3.72596 3.72652 3.72683 3.72688 3.72666 3.72618 3.7255 3.72468 3.7238 3.72295 3.72222 3.72166 3.72135 3.72131 3.72153 3.72201 3.72269 3.72351 3.72438 
3.72502 3.72578 3.72638 3.72675 3.72686 3.7267 3.72629 3.72566 3.72487 3.72401 3.72316 3.7224 3.7218 3.72144 3.72133 3.72149 3.72191 3.72254 3.72332 3.72418 
3.72482 3.7256 3.72623 3.72665 3.72682 3.72673 3.72637 3.7258 3.72505 3.72421 3.72336 3.72258 3.72195 3.72153 3.72136 3.72146 3.72182 3.72239 3.72314 3.72397 
3.72462 3.72541 3.72607 3.72654 3.72677 3.72674 3.72645 3.72593 3.72522 3.72441 3.72357 3.72277 3.72211 3.72164 3.72141 3.72145 3.72174 3.72227 3.72297 3.72378 
3.72442 3.72522 3.72591 3.72642 3.72671 3.72674 3.72651 3.72604 3.72539 3.7246 3.72377 3.72297 3.72227 3.72176 3.72148 3.72145 3.72168 3.72215 3.72281 3.72359 
3.72422 3.72502 3.72574 3.72629 3.72663 3.72672 3.72655 3.72615 3.72554 3.72478 3.72397 3.72316 3.72244 3.72189 3.72156 3.72147 3.72164 3.72205 3.72266 3.7234 
3.72403 3.72483 3.72556 3.72615 3.72654 3.72669 3.72658 3.72623 3.72567 3.72496 3.72416 3.72335 3.72262 3.72203 3.72165 3.7215 3.72161 3.72196 3.72252 3.72323 
3.72384 3.72464 3.72538 3.726 3.72644 3.72664 3.7266 3.72631 3.7258 3.72512 3.72435 3.72355 3.7228 3.72218 3.72175 3.72154 3.72159 3.72188 3.72239 3.72307 
3.72366 3.72445 3.7252 3.72585 3.72633 3.72658 3.7266 3.72637 3.72591 3.72528 3.72453 3.72374 3.72298 3.72233 3.72186 3.7216 3.72159 3.72182 3.72228 3.72291 
3.72348 3.72426 3.72502 3.72569 3.7262 3.72651 3.72658 3.72641 3.72601 3.72542 3.72471 3.72393 3.72316 3.72249 3.72198 3.72167 3.7216 3.72178 3.72218 3.72277 
3.72332 3.72408 3.72484 3.72553 3.72607 3.72643 3.72656 3.72644 3.7261 3.72556 3.72487 3.72411 3.72335 3.72266 3.72211 3.72175 3.72163 3.72175 3.72209 3.72263 
3.72316 3.7239 3.72465 3.72536 3.72594 3.72634 3.72652 3.72646 3.72617 3.72568 3.72503 3.72429 3.72353 3.72282 3.72224 3.72185 3.72167 3.72173 3.72202 3.72251 
3.72301 3.72372 3.72447 3.72519 3.72579 3.72623 3.72647 3.72647 3.72623 3.72579 3.72518 3.72446 3.72371 3.723 3.72239 3.72195 3.72172 3.72172 3.72196 3.7224 
3.72287 3.72356 3.7243 3.72501 3.72564 3.72612 3.7264 3.72646 3.72628 3.72589 3.72532 3.72463 3.72389 3.72317 3.72254 3.72206 3.72178 3.72173 3.72191 3.7223 
3.72274 3.7234 3.72412 3.72484 3.72549 3.726 3.72633 3.72643 3.72631 3.72597 3.72545 3.72479 3.72407 3.72334 3.72269 3.72218 3.72186 3.72175 3.72188 3.72222 
3.72262 3.72325 3.72395 3.72467 3.72533 3.72587 3.72624 3.7264 3.72633 3.72605 3.72557 3.72494 3.72424 3.72352 3.72285 3.72231 3.72194 3.72179 3.72186 3.72214 
3.72252 3.7231 3.72378 3.7245 3.72517 3.72574 3.72615 3.72635 3.72634 3.72611 3.72567 3.72509 3.7244 3.72369 3.72301 3.72244 3.72204 3.72183 3.72185 3.72208 
3.72242 3.72297 3.72362 3.72433 3.72501 3.7256 3.72604 3.7263 3.72633 3.72615 3.72577 3.72522 3.72456 3.72386 3.72318 3.72259 3.72214 3.72189 3.72185 3.72204 
3.72234 3.72284 3.72347 3.72416 3.72484 3.72545 3.72593 3.72623 3.72632 3.72619 3.72585 3.72535 3.72472 3.72403 3.72334 3.72273 3.72225 3.72196 3.72187 3.722 
3.72226 3.72273 3.72333 3.724 3.72468 3.7253 3.72581 3.72615 3.72629 3.72621 3.72593 3.72546 3.72486 3.72419 3.72351 3.72288 3.72237 3.72204 3.7219 3.72198 
3.7222 3.72262 3.72319 3.72384 3.72452 3.72515 3.72568 3.72606 3.72625 3.72622 3.72599 3.72557 3.725 3.72435 3.72367 3.72303 3.7225 3.72212 3.72194 3.72197 
3.72216 3.72253 3.72306 3.72369 3.72435 3.725 3.72555 3.72596 3.72619 3.72622 3.72603 3.72566 3.72513 3.7245 3.72383 3.72319 3.72263 3.72222 3.72199 3.72197 
3.72212 3.72245 3.72294 3.72354 3.7242 3.72484 3.72541 3.72586 3.72613 3.7262 3.72607 3.72574 3.72525 3.72465 3.72399 3.72334 3.72277 3.72232 3.72205 3.72198 
3.7221 3.72238 3.72283 3.7234 3.72404 3.72469 3.72527 3.72575 3.72606 3.72618 3.72609 3.72581 3.72536 3.72479 3.72415 3.7235 3.72291 3.72244 3.72213 3.72201 
3.72208 3.72232 3.72273 3.72327 3.72389 3.72453 3.72513 3.72563 3.72598 3.72614 3.72611 3.72587 3.72546 3.72492 3.7243 3.72365 3.72305 3.72255 3.72221 3.72204 
3.72208 3.72227 3.72264 3.72314 3.72374 3.72438 3.72499 3.72551 3.72589 3.72609 3.72611 3.72592 3.72555 3.72505 3.72444 3.72381 3.7232 3.72268 3.7223 3.72209 
3.72209 3.72223 3.72255 3.72303 3.7236 3.72423 3.72484 3.72538 3.72579 3.72604 3.7261 3.72596 3.72563 3.72516 3.72458 3.72396 3.72334 3.72281 3.72239 3.72215 
3.72211 3.72221 3.72248 3.72292 3.72347 3.72408 3.72469 3.72525 3.72569 3.72597 3.72607 3.72598 3.7257 3.72527 3.72472 3.72411 3.72349 3.72294 3.7225 3.72221 
3.72214 3.72219 3.72243 3.72282 3.72334 3.72394 3.72455 3.72511 3.72558 3.7259 3.72604 3.726 3.72576 3.72537 3.72485 3.72425 3.72364 3.72307 3.72261 3.72229 
3.72219 3.72219 3.72238 3.72273 3.72322 3.7238 3.7244 3.72497 3.72546 3.72581 3.726 3.726 3.72581 3.72546 3.72497 3.72439 3.72379 3.72321 3.72272 3.72237 
3.72224 3.72219 3.72234 3.72265 3.72311 3.72366 3.72426 3.72483 3.72534 3.72572 3.72595 3.72599 3.72585 3.72553 3.72508 3.72452 3.72393 3.72335 3.72284 3.72246 
3.7223 3.72221 3.72231 3.72259 3.72301 3.72353 3.72412 3.7247 3.72522 3.72563 3.72589 3.72597 3.72588 3.7256 3.72518 3.72465 3.72407 3.72349 3.72297 3.72256 
3.72236 3.72224 3.7223 3.72253 3.72291 3.72341 3.72398 3.72456 3.72509 3.72552 3.72582 3.72595 3.72589 3.72566 3.72528 3.72478 3.72421 3.72363 3.7231 3.72266 
3.72244 3.72228 3.72229 3.72248 3.72283 3.7233 3.72385 3.72442 3.72496 3.72542 3.72574 3.72591 3.7259 3.72571 3.72536 3.72489 3.72434 3.72377 3.72322 3.72277 
3.72252 3.72232 3.72229 3.72244 3.72275 3.72319 3.72372 3.72428 3.72483 3.7253 3.72566 3.72586 3.72589 3.72575 3.72544 3.725 3.72447 3.7239 3.72336 3.72288 
3.72261 3.72238 3.72231 3.72241 3.72268 3.72309 3.72359 3.72415 3.7247 3.72519 3.72557 3.72581 3.72588 3.72578 3.72551 3.7251 3.72459 3.72404 3.72349 3.723 
3.72271 3.72244 3.72233 3.72239 3.72262 3.723 3.72348 3.72402 3.72456 3.72507 3.72547 3.72575 3.72586 3.72579 3.72557 3.72519 3.72471 3.72417 3.72362 3.72312 
3.72281 3.72251 3.72236 3.72239 3.72258 3.72291 3.72337 3.72389 3.72443 3.72494 3.72537 3.72567 3.72582 3.7258 3.72561 3.72528 3.72482 3.7243 3.72375 3.72324 
3.72292 3.72259 3.7224 3.72239 3.72254 3.72284 3.72326 3.72377 3.7243 3.72482 3.72527 3.7256 3.72578 3.7258 3.72565 3.72535 3.72493 3.72442 3.72388 3.72336 
3.72303 3.72267 3.72245 3.7224 3.72251 3.72277 3.72317 3.72365 3.72418 3.7247 3.72516 3.72551 3.72573 3.72579 3.72568 3.72542 3.72502 3.72454 3.72401 3.72349 
3.72314 3.72276 3.72251 3.72242 3.72249 3.72271 3.72308 3.72354 3.72405 3.72457 3.72504 3.72542 3.72567 3.72577 3.7257 3.72547 3.72511 3.72465 3.72413 3.72361 
3.72326 3.72286 3.72258 3.72245 3.72248 3.72267 3.72299 3.72343 3.72393 3.72445 3.72493 3.72533 3.72561 3.72574 3.72571 3.72552 3.72519 3.72476 3.72426 3.72374 
3.72337 3.72296 3.72265 3.72248 3.72248 3.72263 3.72292 3.72333 3.72381 3.72432 3.72481 3.72523 3.72554 3.7257 3.72571 3.72556 3.72527 3.72486 3.72437 3.72386 
3.72349 3.72306 3.72273 3.72253 3.72248 3.7226 3.72286 3.72324 3.7237 3.7242 3.72469 3.72513 3.72546 3.72566 3.7257 3.72559 3.72533 3.72495 3.72449 3.72398 
3.72361 3.72316 3.72281 3.72258 3.7225 3.72258 3.7228 3.72315 3.72359 3.72408 3.72458 3.72502 3.72537 3.7256 3.72568 3.72561 3.72539 3.72504 3.72459 3.7241 
3.72373 3.72327 3.7229 3.72264 3.72253 3.72257 3.72275 3.72307 3.72349 3.72397 3.72446 3.72491 3.72529 3.72554 3.72566 3.72562 3.72544 3.72512 3.7247 3.72422 
3.72385 3.72338 3.72299 3.72271 3.72256 3.72256 3.72271 3.723 3.72339 3.72386 3.72434 3.7248 3.72519 3.72548 3.72563 3.72562 3.72547 3.72519 3.72479 3.72433 
3.72396 3.7235 3.72309 3.72278 3.7226 3.72257 3.72268 3.72294 3.7233 3.72375 3.72423 3.72469 3.7251 3.7254 3.72558 3.72562 3.7255 3.72525 3.72488 3.72444 
3.72407 3.72361 3.72319 3.72286 3.72265 3.72258 3.72266 3.72288 3.72322 3.72364 3.72411 3.72458 3.725 3.72533 3.72554 3.72561 3.72553 3.72531 3.72497 3.72454 
3.72418 3.72372 3.72329 3.72294 3.7227 3.7226 3.72265 3.72283 3.72314 3.72355 3.724 3.72447 3.72489 3.72524 3.72548 3.72558 3.72554 3.72535 3.72504 3.72464 
3.72429 3.72383 3.72339 3.72303 3.72277 3.72263 3.72264 3.7228 3.72307 3.72345 3.72389 3.72435 3.72479 3.72516 3.72542 3.72555 3.72554 3.72539 3.72511 3.72473 
3.7244 3.72394 3.7235 3.72312 3.72283 3.72267 3.72265 3.72276 3.72301 3.72337 3.72379 3.72425 3.72468 3.72507 3.72535 3.72552 3.72554 3.72542 3.72517 3.72482 
3.72449 3.72405 3.72361 3.72321 3.7229 3.72271 3.72266 3.72274 3.72296 3.72329 3.72369 3.72414 3.72458 3.72497 3.72528 3.72547 3.72553 3.72545 3.72523 3.7249 
3.72459 3.72415 3.72371 3.72331 3.72298 3.72276 3.72268 3.72273 3.72291 3.72321 3.7236 3.72403 3.72447 3.72488 3.7252 3.72542 3.72551 3.72546 3.72528 3.72498 
3.72468 3.72426 3.72382 3.72341 3.72306 3.72282 3.7227 3.72272 3.72287 3.72314 3.72351 3.72393 3.72437 3.72478 3.72512 3.72536 3.72548 3.72547 3.72531 3.72504 
3.72476 3.72436 3.72392 3.72351 3.72315 3.72288 3.72274 3.72272 3.72284 3.72308 3.72343 3.72383 3.72426 3.72468 3.72504 3.7253 3.72545 3.72546 3.72535 3.7251 
3.72484 3.72445 3.72403 3.72361 3.72324 3.72295 3.72278 3.72273 3.72282 3.72303 3.72335 3.72374 3.72416 3.72458 3.72495 3.72523 3.72541 3.72546 3.72537 3.72516 
3.72491 3.72454 3.72413 3.72371 3.72333 3.72302 3.72282 3.72275 3.7228 3.72299 3.72328 3.72365 3.72406 3.72448 3.72486 3.72516 3.72536 3.72544 3.72538 3.7252 
3.72498 3.72463 3.72422 3.72381 3.72342 3.7231 3.72287 3.72277 3.72279 3.72295 3.72321 3.72356 3.72396 3.72438 3.72476 3.72509 3.72531 3.72542 3.72539 3.72524 
3.72504 3.72471 3.72432 3.72391 3.72351 3.72318 3.72293 3.7228 3.72279 3.72292 3.72315 3.72348 3.72387 3.72428 3.72467 3.72501 3.72525 3.72539 3.72539 3.72527 
3.72509 3.72478 3.72441 3.724 3.72361 3.72326 3.72299 3.72284 3.7228 3.72289 3.7231 3.72341 3.72378 3.72418 3.72458 3.72492 3.72519 3.72535 3.72539 3.7253 
3.72513 3.72485 3.7245 3.7241 3.7237 3.72335 3.72306 3.72288 3.72281 3.72287 3.72305 3.72334 3.72369 3.72409 3.72448 3.72484 3.72512 3.72531 3.72537 3.72531 
3.72517 3.72491 3.72458 3.72419 3.7238 3.72343 3.72313 3.72293 3.72283 3.72287 3.72302 3.72327 3.72361 3.72399 3.72439 3.72475 3.72505 3.72526 3.72535 3.72532 
3.7252 3.72497 3.72466 3.72428 3.72389 3.72352 3.72321 3.72298 3.72286 3.72286 3.72298 3.72322 3.72353 3.7239 3.72429 3.72466 3.72498 3.72521 3.72532 3.72532 
3.72523 3.72502 3.72473 3.72437 3.72399 3.72361 3.72329 3.72304 3.72289 3.72287 3.72296 3.72316 3.72346 3.72382 3.7242 3.72457 3.7249 3.72515 3.72529 3.72532 
3.72524 3.72507 3.7248 3.72445 3.72408 3.7237 3.72337 3.7231 3.72293 3.72288 3.72294 3.72312 3.72339 3.72373 3.72411 3.72448 3.72482 3.72508 3.72525 3.72531 
3.72525 3.72511 3.72486 3.72453 3.72417 3.72379 3.72345 3.72317 3.72298 3.7229 3.72293 3.72308 3.72333 3.72365 3.72402 3.72439 3.72474 3.72502 3.72521 3.72529 
3.72526 3.72514 3.72491 3.72461 3.72425 3.72388 3.72353 3.72324 3.72303 3.72292 3.72293 3.72305 3.72328 3.72358 3.72393 3.7243 3.72465 3.72495 3.72516 3.72527 
3.72526 3.72516 3.72496 3.72468 3.72434 3.72397 3.72362 3.72331 3.72308 3.72295 3.72293 3.72303 3.72323 3.72351 3.72385 3.72422 3.72457 3.72488 3.72511 3.72524 
3.72525 3.72518 3.72501 3.72474 3.72442 3.72406 3.7237 3.72339 3.72314 3.72298 3.72294 3.72301 3.72318 3.72344 3.72377 3.72413 3.72448 3.7248 3.72505 3.7252 
3.72523 3.72519 3.72504 3.7248 3.72449 3.72414 3.72379 3.72346 3.7232 3.72302 3.72295 3.723 3.72314 3.72339 3.7237 3.72404 3.7244 3.72472 3.72499 3.72516 
3.72521 3.7252 3.72507 3.72486 3.72456 3.72422 3.72387 3.72354 3.72327 3.72307 3.72298 3.72299 3.72311 3.72333 3.72362 3.72396 3.72431 3.72464 3.72492 3.72511 
3.72518 3.7252 3.7251 3.7249 3.72463 3.7243 3.72396 3.72362 3.72333 3.72312 3.723 3.72299 3.72309 3.72328 3.72356 3.72388 3.72423 3.72456 3.72485 3.72506 
3.72515 3.72519 3.72512 3.72495 3.72469 3.72438 3.72404 3.7237 3.7234 3.72317 3.72303 3.723 3.72307 3.72324 3.72349 3.72381 3.72415 3.72448 3.72478 3.72501 
3.72511 3.72518 3.72513 3.72498 3.72475 3.72445 3.72412 3.72378 3.72348 3.72323 3.72307 3.72301 3.72306 3.7232 3.72344 3.72373 3.72407 3.7244 3.72471 3.72495 
3.72507 3.72516 3.72514 3.72501 3.7248 3.72452 3.7242 3.72386 3.72355 3.72329 3.72311 3.72303 3.72305 3.72317 3.72338 3.72367 3.72399 3.72432 3.72463 3.72489 
3.72503 3.72513 3.72514 3.72504 3.72485 3.72459 3.72427 3.72394 3.72363 3.72336 3.72316 3.72305 3.72305 3.72315 3.72334 3.7236 3.72391 3.72424 3.72456 3.72483 
3.72498 3.7251 3.72513 3.72506 3.72489 3.72465 3.72435 3.72402 3.7237 3.72342 3.72321 3.72308 3.72305 3.72313 3.72329 3.72354 3.72384 3.72416 3.72448 3.72476 
3.72492 3.72507 3.72512 3.72507 3.72493 3.7247 3.72442 3.7241 3.72378 3.72349 3.72326 3.72312 3.72307 3.72311 3.72326 3.72348 3.72377 3.72409 3.72441 3.72469 
3.72486 3.72503 3.7251 3.72508 3.72496 3.72475 3.72448 3.72417 3.72386 3.72356 3.72332 3.72316 3.72308 3.72311 3.72323 3.72343 3.7237 3.72401 3.72433 3.72462 
3.7248 3.72499 3.72508 3.72508 3.72498 3.7248 3.72454 3.72425 3.72393 3.72363 3.72338 3.7232 3.7231 3.7231 3.7232 3.72339 3.72364 3.72394 3.72425 3.72455 
3.72474 3.72494 3.72506 3.72508 3.725 3.72484 3.7246 3.72432 3.72401 3.72371 3.72344 3.72324 3.72313 3.72311 3.72318 3.72335 3.72358 3.72387 3.72418 3.72448 
3.72468 3.72489 3.72503 3.72507 3.72502 3.72488 3.72466 3.72438 3.72408 3.72378 3.72351 3.7233 3.72316 3.72312 3.72317 3.72331 3.72353 3.7238 3.72411 3.72441 
3.72461 3.72484 3.72499 3.72506 3.72503 3.72491 3.72471 3.72445 3.72415 3.72385 3.72357 3.72335 3.7232 3.72313 3.72316 3.72328 3.72348 3.72374 3.72403 3.72433 
3.72454 3.72478 3.72495 3.72504 3.72503 3.72493 3.72475 3.72451 3.72422 3.72392 3.72364 3.7234 3.72324 3.72315 3.72316 3.72326 3.72344 3.72368 3.72397 3.72426 
3.72448 3.72472 3.72491 3.72501 3.72503 3.72495 3.72479 3.72456 3.72429 3.72399 3.72371 3.72346 3.72328 3.72317 3.72316 3.72324 3.7234 3.72362 3.7239 3.72419 
3.72441 3.72466 3.72486 3.72498 3.72502 3.72497 3.72483 3.72461 3.72435 3.72406 3.72378 3.72352 3.72333 3.7232 3.72317 3.72322 3.72336 3.72357 3.72383 3.72412 
3.72434 3.7246 3.72481 3.72495 3.72501 3.72498 3.72486 3.72466 3.72441 3.72413 3.72385 3.72359 3.72338 3.72323 3.72318 3.72321 3.72333 3.72352 3.72377 3.72405 
3.72427 3.72454 3.72476 3.72491 3.72499 3.72498 3.72488 3.72471 3.72447 3.7242 3.72391 3.72365 3.72343 3.72327 3.7232 3.72321 3.72331 3.72348 3.72372 3.72399 
3.7242 3.72447 3.7247 3.72487 3.72497 3.72498 3.7249 3.72474 3.72452 3.72426 3.72398 3.72371 3.72348 3.72331 3.72322 3.72321 3.72329 3.72344 3.72366 3.72392 
3.72414 3.72441 3.72465 3.72483 3.72494 3.72497 3.72492 3.72478 3.72457 3.72432 3.72405 3.72378 3.72354 3.72335 3.72324 3.72321 3.72327 3.72341 3.72361 3.72386 
3.72407 3.72434 3.72459 3.72478 3.72491 3.72496 3.72493 3.72481 3.72462 3.72438 3.72411 3.72384 3.7236 3.7234 3.72327 3.72322 3.72326 3.72338 3.72357 3.72381 
3.72401 3.72428 3.72453 3.72474 3.72488 3.72495 3.72493 3.72483 3.72466 3.72444 3.72418 3.72391 3.72366 3.72345 3.72331 3.72324 3.72325 3.72335 3.72352 3.72375 
3.72395 3.72421 3.72447 3.72468 3.72484 3.72493 3.72493 3.72485 3.7247 3.72449 3.72424 3.72397 3.72372 3.7235 3.72334 3.72326 3.72325 3.72333 3.72349 3.7237 
3.72389 3.72415 3.72441 3.72463 3.7248 3.7249 3.72493 3.72487 3.72473 3.72454 3.7243 3.72404 3.72378 3.72356 3.72338 3.72328 3.72326 3.72332 3.72345 3.72365 
3.72383 3.72409 3.72434 3.72458 3.72476 3.72488 3.72492 3.72488 3.72476 3.72458 3.72435 3.7241 3.72384 3.72361 3.72343 3.72331 3.72327 3.72331 3.72342 3.7236 
