0 0.633918 1.26529 1.89156 2.51023 3.11881 3.71483 4.29592 4.85972 5.40397 5.92649 6.42516 6.898 7.34308 7.75862 8.14296 8.49454 8.81195 9.09391 9.3393 9.54711 9.71652 9.84685 9.93756 9.9883 9.99887 9.96921 9.89945 9.78987 9.6409 9.45316 9.22739 8.96451 8.66556 8.33175 7.96443 7.56508 7.13529 6.6768 6.19145 5.68119 5.14809 4.59427 4.02198 3.4335 2.83121 2.21754 1.59494 0.965933 0.333037 -0.3012 0 0 0 0 0 0 0 0 0 0 0 0 0 0 0 0 0 0 0 0 0 0 0 0 0 0 0 0 0 0 0 0 0 0 0 0 0 0 0 0 0 0 0 0 0 0 0 0 0 
0.157538 0.569935 1.13809 1.70292 2.2629 2.81648 3.36207 3.8981 4.42293 4.93492 5.43239 5.91364 6.37693 6.82052 7.24262 7.64145 8.01524 8.36221 8.6806 8.96869 9.2248 9.44731 9.6347 9.78551 9.89842 9.97222 10.0059 9.99842 9.9492 9.85766 9.72349 9.54658 9.32705 9.06528 8.76186 8.41766 8.03378 7.61159 7.15271 6.65898 6.1325 5.57559 4.99078 4.38081 3.74859 3.0972 2.42985 1.74989 1.06075 0.365931 -0.0988454 -0.0748524 0 0 0 0 0 0 0 0 0 0 0 0 0 0 0 0 0 0 0 0 0 0 0 0 0 0 0 0 0 0 0 0 0 0 0 0 0 0 0 0 0 0 0 0 0 0 0 0 
0.216961 0.57159 1.03533 1.55008 2.06155 2.56871 3.07053 3.56593 4.0538 4.53301 5.00233 5.46054 5.9063 6.33823 6.7549 7.15478 7.53628 7.89772 8.23737 8.55343 8.84401 9.10719 9.341 9.54345 9.71252 9.84622 9.9426 9.99975 10.0159 9.98931 9.91853 9.80223 9.63933 9.42903 9.17082 8.86455 8.51043 8.10906 7.66148 7.16913 6.63391 6.05816 5.44463 4.79653 4.11743 3.41128 2.68234 1.93518 1.17458 0.463181 0.0153785 -0.06193 -0.0186019 0 0 0 0 0 0 0 0 0 0 0 0 0 0 0 0 0 0 0 0 0 0 0 0 0 0 0 0 0 0 0 0 0 0 0 0 0 0 0 0 0 0 0 0 0 0 0.0391503 
0.254821 0.566751 0.972319 1.42348 1.89426 2.36201 2.82603 3.28557 3.73987 4.18811 4.62946 5.06302 5.48782 5.90285 6.30703 6.69919 7.07806 7.4423 7.79045 8.12093 8.43207 8.72204 8.98891 9.23058 9.44486 9.62941 9.78179 9.89946 9.9798 10.0202 10.0179 9.97037 9.87509 9.72973 9.53217 9.28065 8.97378 8.61066 8.19094 7.71491 7.18356 6.59863 5.96263 5.27889 4.5515 3.78536 2.98605 2.15978 1.32764 0.580632 0.108537 -0.0327048 -0.0246196 -0.00462283 0 0 0 0 0 0 0 0 0 0 0 0 0 0 0 0 0 0 0 0 0 0 0 0 0 0 0 0 0 0 0 0 0 0 0 0 0 0 0 0 0 0 0 0 0.00972941 0.0733679 
0.279957 0.562152 0.921484 1.32711 1.75292 2.18691 2.61819 3.04625 3.47053 3.89045 4.30543 4.7148 5.11789 5.51395 5.90219 6.28174 6.65167 7.01096 7.35849 7.69303 8.01323 8.3176 8.60449 8.8721 9.11843 9.34126 9.53819 9.70655 9.84347 9.94581 10.0102 10.0332 10.011 9.93972 9.81562 9.63488 9.39392 9.0895 8.71891 8.28011 7.77197 7.1944 6.54859 5.83704 5.06378 4.2343 3.35561 2.43964 1.52296 0.717329 0.198836 0.0036769 -0.0216281 -0.00842891 -0.00114884 0 0 0 0 0 0 0 0 0 0 0 0 0 0 0 0 0 0 0 0 0 0 0 0 0 0 0 0 0 0 0 0 0 0 0 0 0 0 0 0 0 0 0.0024179 0.0231116 0.101911 
0.297982 0.556314 0.880791 1.24727 1.63729 2.03662 2.43938 2.83975 3.23732 3.63168 4.02238 4.40897 4.79093 5.16773 5.5388 5.90349 6.26112 6.61094 6.95213 7.28375 7.60481 7.91416 8.21054 8.49253 8.75851 9.00668 9.23499 9.44111 9.62242 9.77592 9.89827 9.98566 10.0339 10.0382 9.99357 9.89444 9.73499 9.50925 9.21133 8.83564 8.37729 7.83248 7.19896 6.47644 5.66708 4.77575 3.81117 2.79174 1.77064 0.879788 0.295441 0.0460013 -0.0121455 -0.00988234 -0.00267122 -0.000285503 0 0 0 0 0 0 0 0 0 0 0 0 0 0 0 0 0 0 0 0 0 0 0 0 0 0 0 0 0 0 0 0 0 0 0 0 0 0 0 0 0.000600881 0.00695878 0.0374762 0.125309 
0.311158 0.550096 0.846174 1.18106 1.53894 1.90926 2.2839 2.65982 3.03362 3.405 3.77361 4.13913 4.50117 4.85934 5.21322 5.56233 5.90619 6.24422 6.57583 6.90034 7.217 7.52499 7.82335 8.11103 8.38683 8.64938 8.8971 9.12816 9.34048 9.53161 9.69868 9.83835 9.94671 10.0192 10.0504 10.0341 9.96322 9.8297 9.62462 9.33839 8.96111 8.48313 7.89581 7.19252 6.36978 5.4286 4.37707 3.23997 2.08803 1.07951 0.405886 0.0953493 0.00275589 -0.00864918 -0.00386736 -0.000807328 -7.09514e-05 0 0 0 0 0 0 0 0 0 0 0 0 0 0 0 0 0 0 0 0 0 0 0 0 0 0 0 0 0 0 0 0 0 0 0 0 0 0 0.000149327 0.00203153 0.0129558 0.0515396 0.144658 
0.320993 0.543576 0.816324 1.12442 1.45521 1.79887 2.14934 2.50167 2.85426 3.20497 3.55356 3.89976 4.24331 4.5839 4.92121 5.2549 5.58459 5.90988 6.23031 6.54539 6.85457 7.15725 7.45272 7.74023 8.0189 8.28771 8.54552 8.791 9.02258 9.23845 9.43643 9.61394 9.76788 9.89447 9.98914 10.0463 10.059 10.0188 9.91561 9.73713 9.46905 9.09517 8.59804 7.96026 7.16651 6.20662 5.08138 3.81706 2.50285 1.33436 0.539221 0.154179 0.0229726 -0.00464206 -0.00429234 -0.0013844 -0.000236311 -1.76324e-05 0 0 0 0 0 0 0 0 0 0 0 0 0 0 0 0 0 0 0 0 0 0 0 0 0 0 0 0 0 0 0 0 0 0 0 0 3.711e-05 0.000579967 0.004278 0.0198073 0.0647787 0.160771 
0.328383 0.536969 0.79001 1.07545 1.38253 1.70311 2.03106 2.36278 2.69515 3.02725 3.35769 3.68627 4.01277 4.33697 4.65862 4.97748 5.29324 5.60562 5.91426 6.21881 6.51886 6.81395 7.1036 7.38722 7.66418 7.93377 8.19515 8.44735 8.68928 8.91962 9.13683 9.33905 9.52405 9.68908 9.83074 9.94475 10.0257 10.0665 10.0582 9.98883 9.84293 9.60061 9.2369 8.72184 8.02196 7.10471 5.94819 4.56544 3.0576 1.67294 0.708728 0.226619 0.0491918 0.00228727 -0.00365635 -0.00182111 -0.00046724 -6.75945e-05 -4.38191e-06 0 0 0 0 0 0 0 0 0 0 0 0 0 0 0 0 0 0 0 0 0 0 0 0 0 0 0 0 0 0 0 0 0 0 9.22236e-06 0.000162795 0.00136402 0.00721574 0.0270756 0.0769988 0.1743 
0.333951 0.53036 0.766547 1.03243 1.31896 1.61887 1.92699 2.23938 2.55387 2.86835 3.18232 3.49481 3.80565 4.11468 4.4217 4.72652 5.02891 5.32865 5.62548 5.91913 6.20928 6.49561 6.77775 7.05527 7.32772 7.59456 7.85519 8.10894 8.35501 8.59247 8.82025 9.03705 9.24133 9.4312 9.60433 9.75779 9.88781 9.98949 10.0562 10.0791 10.0454 9.93719 9.7289 9.38409 8.85301 8.07258 6.97643 5.52953 3.81501 2.1426 0.936265 0.31956 0.0830045 0.0124835 -0.00172662 -0.00194021 -0.000704279 -0.000151199 -1.90021e-05 -1.08897e-06 0 0 0 0 0 0 0 0 0 0 0 0 0 0 0 0 0 0 0 0 0 0 0 0 0 0 0 0 0 0 0 0 2.29189e-06 4.50954e-05 0.000423148 0.00251948 0.0106903 0.034462 0.0881669 0.185737 
0.338126 0.523824 0.745387 0.994287 1.26271 1.54437 1.83445 2.12962 2.42725 2.72602 3.02444 3.32224 3.61871 3.91373 4.20714 4.4988 4.78852 5.07614 5.36145 5.64425 5.92431 6.20137 6.47515 6.74534 7.01161 7.27355 7.53073 7.78266 8.02877 8.26841 8.50081 8.72508 8.94015 9.14475 9.33731 9.51591 9.67809 9.82069 9.9395 10.0288 10.0802 10.0818 10.0144 9.84788 9.53224 8.98728 8.09479 6.72428 4.85661 2.82331 1.26085 0.4451 0.127362 0.0266164 0.00174786 -0.00158005 -0.00087384 -0.000255781 -4.74027e-05 -5.27001e-06 -2.70623e-07 0 0 0 0 0 0 0 0 0 0 0 0 0 0 0 0 0 0 0 0 0 0 0 0 0 0 0 0 0 0 5.69566e-07 1.23596e-05 0.000128409 0.000850139 0.00402824 0.0145536 0.0417717 0.0983217 0.195466 
0.341217 0.517402 0.726146 0.960125 1.21257 1.47789 1.75183 2.03114 2.31365 2.59754 2.88201 3.16594 3.44922 3.73132 4.01211 4.29148 4.56929 4.84541 5.11968 5.39194 5.66201 5.9297 6.19479 6.45705 6.71623 6.97202 7.2241 7.47212 7.71567 7.95425 8.18735 8.41432 8.63443 8.84681 9.05039 9.24391 9.42579 9.59401 9.74599 9.87826 9.98601 10.0622 10.0961 10.0694 9.94957 9.67299 9.1149 8.05352 6.24536 3.84529 1.75698 0.626101 0.187667 0.0458956 0.00710785 -0.000578344 -0.000895649 -0.000357568 -8.87155e-05 -1.44981e-05 -1.44579e-06 -6.72538e-08 0 0 0 0 0 0 0 0 0 0 0 0 0 0 0 0 0 0 0 0 0 0 0 0 0 0 0 0 1.41545e-07 3.35801e-06 3.82696e-05 0.000278927 0.00146049 0.00585211 0.0186778 0.0488818 0.107533 0.203784 
0.343455 0.511123 0.708522 0.929299 1.16751 1.41822 1.67751 1.9425 2.21095 2.48143 2.75263 3.02407 3.2949 3.56506 3.83416 4.10209 4.36875 4.63404 4.89782 5.15998 5.42036 5.67883 5.93521 6.18933 6.44098 6.68996 6.93601 7.17886 7.41821 7.65371 7.88498 8.11155 8.3329 8.54844 8.75743 8.95901 9.15215 9.33555 9.50759 9.66619 9.80855 9.9308 10.0272 10.0886 10.0985 10.0248 9.79176 9.21544 7.87847 5.37765 2.57333 0.909801 0.274363 0.0725143 0.0148805 0.00125223 -0.000683118 -0.000424445 -0.000137081 -2.96983e-05 -4.34689e-06 -3.93126e-07 -1.67135e-08 0 0 0 0 0 0 0 0 0 0 0 0 0 0 0 0 0 0 0 0 0 0 0 0 0 0 3.5176e-08 9.05707e-07 1.12347e-05 8.94001e-05 0.000512744 0.00225796 0.00794405 0.0229588 0.0557187 0.115883 0.210926 
0.345012 0.505002 0.692283 0.901289 1.12677 1.3643 1.61036 1.86221 2.11789 2.3758 2.63501 2.89452 3.15406 3.41296 3.67122 3.92851 4.18476 4.43987 4.69375 4.94629 5.19739 5.44692 5.69476 5.94077 6.18479 6.42666 6.66618 6.90315 7.13735 7.36851 7.59635 7.82053 8.04068 8.25636 8.46707 8.67221 8.87108 9.06282 9.24639 9.42048 9.58343 9.73299 9.86614 9.97811 10.0619 10.1017 10.0661 9.86365 9.24974 7.4223 3.99445 1.40388 0.4096 0.110661 0.0259517 0.00416077 -0.000138082 -0.000417297 -0.000181803 -5.00838e-05 -9.6645e-06 -1.28215e-06 -1.06104e-07 -4.15354e-09 0 0 0 0 0 0 0 0 0 0 0 0 0 0 0 0 0 0 0 0 0 0 0 0 8.74173e-09 2.42773e-07 3.25627e-06 2.8093e-05 0.000175181 0.000841214 0.0032367 0.0102552 0.0273144 0.0622414 0.123452 0.217082 
0.346021 0.499047 0.677243 0.875688 1.08971 1.31533 1.54933 1.78923 2.03308 2.27953 2.52741 2.77611 3.02485 3.2735 3.52151 3.76891 4.01543 4.26101 4.50556 4.74901 4.99127 5.23223 5.47181 5.70989 5.94634 6.18104 6.41384 6.64458 6.87309 7.09917 7.3226 7.54314 7.76052 7.9744 8.18443 8.3902 8.5912 8.78685 8.97645 9.15917 9.33393 9.49943 9.65378 9.795 9.91804 10.0196 10.0812 10.0763 9.84334 9.16282 6.36104 2.37391 0.646605 0.169115 0.0419344 0.00852209 0.000860762 -0.000289403 -0.000207586 -7.2772e-05 -1.76261e-05 -3.07302e-06 -3.73031e-07 -2.84574e-08 -1.03221e-09 0 0 0 0 0 0 0 0 0 0 0 0 0 0 0 0 0 0 0 0 0 0 2.17244e-09 6.47295e-08 9.33509e-07 8.67965e-06 5.8474e-05 0.000304142 0.00127092 0.00438437 0.0127391 0.0316813 0.0684305 0.130317 0.222402 
0.346586 0.493264 0.663251 0.852166 1.05583 1.27063 1.49365 1.72255 1.95557 2.19133 2.42885 2.66728 2.90622 3.14503 3.38368 3.6217 3.85915 4.09579 4.33159 4.56646 4.80033 5.03313 5.26478 5.49519 5.72425 5.95188 6.17794 6.40233 6.6249 6.8455 7.06396 7.28011 7.49372 7.70457 7.91238 8.11686 8.31765 8.51433 8.70643 8.89337 9.07448 9.24882 9.41562 9.57242 9.72032 9.84924 9.9668 10.0274 10.0936 9.61864 8.87602 4.42761 1.13327 0.268902 0.0660779 0.0149664 0.00247992 1.67095e-05 -0.000194413 -9.2569e-05 -2.77138e-05 -6.01867e-06 -9.58384e-07 -1.07273e-07 -7.59124e-09 -2.5652e-10 0 0 0 0 0 0 0 0 0 0 0 0 0 0 0 0 0 0 0 0 5.39883e-10 1.71789e-08 2.65087e-07 2.64263e-06 1.91292e-05 0.000107151 0.000483336 0.0018042 0.00568476 0.0153535 0.036012 0.0742811 0.13655 0.22701 
0.346788 0.487651 0.650181 0.830452 1.0247 1.22965 1.4426 1.66141 1.88441 2.11032 2.33813 2.56715 2.79672 3.02659 3.25622 3.48566 3.7145 3.94278 4.17035 4.39713 4.62308 4.84813 5.07221 5.29526 5.51719 5.73792 5.95736 6.17541 6.39196 6.60691 6.8201 7.03142 7.24068 7.44772 7.65234 7.8543 8.05335 8.2492 8.44149 8.62983 8.81372 8.99275 9.16555 9.3336 9.48897 9.64625 9.76793 9.93303 9.85377 10.2722 8.99418 7.81933 2.3257 0.469946 0.105893 0.0246859 0.00497574 0.000576391 -0.000116643 -0.00010176 -3.84394e-05 -1.01526e-05 -2.00442e-06 -2.94014e-07 -3.05409e-08 -2.01555e-09 -6.37488e-11 0 0 0 0 0 0 0 0 0 0 0 0 0 0 0 0 0 0 1.34169e-10 4.54074e-09 7.46526e-08 7.94331e-07 6.14892e-06 3.69066e-05 0.000178762 0.000718075 0.00243995 0.00711972 0.0180612 0.0402712 0.0797974 0.142216 0.231009 
0.346692 0.482207 0.637931 0.810325 0.99598 1.19191 1.39563 1.60514 1.81889 2.03564 2.25446 2.4746 2.69558 2.91686 3.1383 3.35944 3.58036 3.80071 4.02055 4.23972 4.45819 4.67589 4.89278 5.10879 5.32387 5.53794 5.75093 5.96276 6.17335 6.3826 6.59042 6.79668 7.00126 7.20404 7.40484 7.60351 7.79985 7.99363 8.18461 8.37249 8.55701 8.7374 8.9147 9.08318 9.25703 9.39822 9.59136 9.61378 10.1006 9.17297 10.832 8.19425 5.2439 0.978135 0.182262 0.0402848 0.00879614 0.00149786 5.92718e-05 -8.97221e-05 -4.71454e-05 -1.51573e-05 -3.60431e-06 -6.53598e-07 -8.89287e-08 -8.61945e-09 -5.32957e-10 -1.58425e-11 0 0 0 0 0 0 0 0 0 0 0 0 0 0 0 0 3.33428e-11 1.19592e-09 2.08694e-08 2.36079e-07 1.94617e-06 1.2462e-05 6.45158e-05 0.000277532 0.0010119 0.00317437 0.00867059 0.0208304 0.0444335 0.0849892 0.147371 0.234482 
0.346351 0.476928 0.626413 0.791599 0.969383 1.15703 1.35225 1.55318 1.75835 1.9666 2.17702 2.38894 2.60175 2.81515 3.02867 3.24227 3.45553 3.66856 3.88105 4.09306 4.30446 4.51521 4.72527 4.93459 5.14311 5.35078 5.55754 5.76333 5.96807 6.1717 6.37413 6.57526 6.77501 6.97327 7.16991 7.3648 7.5578 7.74874 7.93743 8.12368 8.30708 8.48817 8.66335 8.84326 8.99522 9.20195 9.25691 9.6952 8.97395 11.1572 6.9313 11.5239 7.35595 2.49822 0.367632 0.0686443 0.0148515 0.0029558 0.000379768 -4.21162e-05 -4.97765e-05 -2.02356e-05 -5.7421e-06 -1.24656e-06 -2.09299e-07 -2.65678e-08 -2.41405e-09 -1.40416e-10 -3.93708e-12 0 0 0 0 0 0 0 0 0 0 0 0 0 0 8.28615e-12 3.13974e-10 5.79615e-09 6.94629e-08 6.07579e-07 4.13451e-06 2.27847e-05 0.000104517 0.000407085 0.00136668 0.00400177 0.0103191 0.0236343 0.0484811 0.0898699 0.152067 0.237499 
0.345807 0.471809 0.615553 0.774116 0.944666 1.12468 1.31205 1.50503 1.70224 1.90258 2.10518 2.30935 2.51461 2.72048 2.92675 3.13301 3.3393 3.54522 3.75092 3.95611 4.16085 4.36503 4.56861 4.77156 4.97383 5.17538 5.37615 5.5761 5.77517 5.97329 6.1704 6.36643 6.5613 6.75493 6.94721 7.13806 7.32734 7.51494 7.70072 7.88444 8.06634 8.24438 8.42528 8.5855 8.79335 8.86435 9.27197 8.73715 10.7161 5.72447 13.7403 1.00363 12.0177 5.08906 0.946287 0.132814 0.0253895 0.0052774 0.000915259 6.08215e-05 -4.05315e-05 -2.3975e-05 -8.22673e-06 -2.10599e-06 -4.21662e-07 -6.59766e-08 -7.85158e-09 -6.7153e-10 -3.68755e-11 -9.7842e-13 0 0 0 0 0 0 0 0 0 0 0 0 2.05923e-12 8.21946e-11 1.6004e-09 2.02558e-08 1.8737e-07 1.35034e-06 7.89286e-06 3.84614e-05 0.000159396 0.000570347 0.00178286 0.00491519 0.0120479 0.0264505 0.0524021 0.0944547 0.15635 0.240121 
